v -114.655 -0.359414 106.648
v -113.464 2.24452 107.895
v -114.472 -0.360001 106.671
v -113.442 2.16093 107.81
v -114.566 -0.359414 111.51
v -113.321 2.24452 112.8
v -114.387 -0.360001 111.61
v -113.304 2.16093 112.782
v -117.388 -0.359414 116.776
v -116.043 2.24452 118.133
v -117.226 -0.360001 116.916
v -116.039 2.16093 118.127
v -114.017 1.72758 107.389
v -113.719 2.10242 107.686
v -114.059 1.87691 107.247
v -113.762 2.25175 107.544
v -114.152 1.85803 106.939
v -113.855 2.23287 107.236
v -114.189 1.74666 106.801
v -113.891 2.1215 107.098
v -114.112 1.72758 112.334
v -113.815 2.10242 112.631
v -114.055 1.87691 112.197
v -113.758 2.25175 112.494
v -113.933 1.85803 111.9
v -113.636 2.23287 112.197
v -113.874 1.74666 111.77
v -113.577 2.1215 112.067
v -116.977 1.72758 117.613
v -116.68 2.10242 117.911
v -116.883 1.87691 117.498
v -116.586 2.25175 117.795
v -116.68 1.85803 117.249
v -116.383 2.23287 117.547
v -116.586 1.74666 117.142
v -116.289 2.1215 117.439
v -126.962 1.515 95.3348
v -126.291 3.24951 96.006
v -11.9628 -0.160001 97.238
v -11.156 0.753029 98.2304
v -21.1232 3.89003 48.9577
v -17.2828 9.6208 52.7981
v -21.1232 3.89003 48.9577
v -17.2828 9.6208 52.7981
v -23.9125 3.89003 51.7487
v -20.072 9.6208 55.5891
v -23.9125 3.89003 51.7487
v -20.072 9.6208 55.5891
v -135.43 0.569288 148.636
v -134.724 2.72015 149.136
v -135.47 0.569288 148.518
v -134.69 2.72015 149.271
v -81.847 4.89252 146.948
v -79.1176 5.28262 148.253
v -73.4604 4.89251 149.382
v -70.731 5.28262 150.687
v -68.6565 4.89251 150.776
v -65.9271 5.28262 152.081
v -74.504 5.88175 160.08
v -71.7746 6.27185 161.385
v -88.8623 4.4018 163.64
v -86.1329 4.79191 164.945
v -78.1189 5.88175 172.535
v -75.3895 6.27185 173.84
v -77.5413 4.22113 143.089
v -77.0463 4.81113 144.049
v -60.7356 4.22113 148.024
v -60.2359 4.81113 148.983
v -86.3727 1.58986 145.601
v -85.8724 3.74073 146.308
v -86.5081 1.58986 145.562
v -85.755 3.74073 146.342
v 5.16592 -4.10392 -22.7385
v 7.53679 -2.48496 -21.4248
v 5.17911 -4.10392 -22.7385
v 7.52875 -2.48482 -21.4435
v -26.4888 0.178479 112.769
v -23.8671 1.79744 115.11
v -26.4673 0.178479 112.776
v -23.8738 1.79758 115.09
v -0.280711 -4.81855 -20.7746
v 6.28071 1.74287 -20.1269
v -0.280711 -4.81855 -20.7746
v 6.28071 1.74287 -20.1269
v 15.0603 -4.75349 -21.1768
v 21.0916 1.27781 -20.5664
v 14.9725 -4.78576 -21.1768
v 21.0038 1.24555 -20.5664
v 32.732 1.16145 64.379
v 33.3797 7.72287 70.9404
v 39.7858 1.15414 75.3506
v 40.4815 7.71556 81.9152
v 32.732 1.16145 64.379
v 33.3797 7.72287 70.9404
v 39.7858 1.15414 75.3506
v 40.4815 7.71556 81.9152
v -92.8412 -1.27378 160.335
v -85.2642 6.4539 163.142
v -92.8412 -1.27378 160.335
v -85.2642 6.4539 163.142
v -76.3605 0.642229 157.025
v -68.3679 8.79401 159.979
v -76.3605 0.642229 157.025
v -68.3679 8.79401 159.979
v -82.3874 -1.66308 92.759
v -80.9267 6.48869 100.929
v -82.3874 -1.66308 92.759
v -80.9267 6.48869 100.929
v -86.1224 -0.211343 80.4634
v -83.9788 5.28984 85.833
v -86.1224 -0.211343 80.4634
v -83.9788 5.28984 85.833
v -144.855 0.804289 88.3203
v -142.268 7.89583 95.274
v -148.298 -1.0984 115.177
v -142.903 4.40279 117.213
v -144.855 0.804289 88.3203
v -142.268 7.89583 95.274
v -148.298 -1.0984 115.177
v -142.903 4.40279 117.213
v -57.1596 -0.152358 137.862
v -54.6647 6.67412 144.556
v -57.1596 -0.152358 137.862
v -54.6647 6.67412 144.556
v -51.9231 -0.877822 135.701
v -47.0475 4.09325 137.553
v -51.9231 -0.877822 135.701
v -47.0475 4.09325 137.553
v -105.077 -0.0749161 144.093
v -104.503 1.13411 144.968
v -132.059 2.09943 136.27
v -131.485 3.30845 137.145
v -137.822 2.09943 134.597
v -137.247 3.30845 135.473
v -101.079 -2.4877 101.827
v -98.7902 0.025119 102.925
v -124.861 1.515 95.9658
v -122.598 3.02512 97.0564
v -130.848 1.515 99.4346
v -128.584 3.02512 100.525
v -132.769 1.515 98.8772
v -130.505 3.02512 99.9677
v -129.076 1.515 99.9276
v -128.405 3.24951 100.599
v -126.782 1.515 95.4084
v -124.519 3.02512 96.4989
v -108.737 -2.485 99.6046
v -106.473 -0.974881 100.695
v -108.916 -2.485 99.531
v -108.245 -0.750488 100.202
v -106.816 -2.485 100.162
v -104.552 -0.974881 101.253
v -104.895 -2.485 100.719
v -102.632 -0.974881 101.81
v -102.974 -2.485 101.277
v -100.711 -0.974881 102.368
v -99.1334 -1.485 102.393
v -96.8699 0.025119 103.484
v -97.2127 -1.485 102.951
v -94.9491 0.025119 104.041
v -96.0844 -1.48498 103.578
v -94.9939 0.0251353 105.842
v -104.733 -2.48768 121.592
v -102.444 0.0251367 122.69
v -106.654 -3.48768 121.034
v -104.365 -0.974863 122.132
v -108.575 -4.48768 120.477
v -106.285 -1.97486 121.575
v -110.47 -4.48498 119.927
v -108.206 -2.97486 121.017
v -111.101 -4.48499 117.202
v -109.555 -2.97487 119.329
v -110.08 -4.48499 115.426
v -108.752 -2.97487 117.638
v -109.298 -4.48499 113.553
v -108.208 -2.97487 115.816
v -108.742 -4.48499 111.631
v -107.815 -2.97487 113.909
v -108.394 -4.48499 109.689
v -107.689 -2.97487 111.963
v -108.3 -4.48499 107.731
v -107.678 -2.97487 109.996
v -108.654 -4.48499 105.777
v -107.772 -2.97487 108.056
v -109.211 -4.48499 103.905
v -108.117 -2.97487 106.168
v -109.963 -4.48499 102.094
v -108.665 -2.97487 104.315
v -110.054 -4.48499 101.919
v -109.358 -2.75048 102.615
v -96.6419 -1.48498 105.499
v -95.5513 0.0251353 107.762
v -97.1994 -1.48498 107.42
v -96.1088 0.0251353 109.683
v -97.7568 -1.48498 109.34
v -96.6663 0.0251353 111.604
v -98.3143 -1.48498 111.261
v -97.2238 0.0251353 113.525
v -98.8718 -1.48498 113.182
v -97.7812 0.0251353 115.445
v -99.4293 -1.48498 115.103
v -98.3387 0.0251353 117.366
v -99.9867 -1.48498 117.023
v -98.8962 0.0251353 119.287
v -100.544 -1.48498 118.944
v -99.4536 0.0251353 121.208
v -101.102 -1.48498 120.865
v -100.011 0.0251353 123.128
v -102.822 -1.48065 122.133
v -100.558 0.0294658 123.224
v -11.9628 -0.160001 97.238
v -11.156 0.753029 98.2304
v -29.3714 4.64164 117.252
v -25.2273 8.66207 120.666
v -29.6721 4.5815 117.151
v -25.1031 8.80297 120.901
v -37.8321 -4.54646 109.461
v -29.0833 7.95882 120.033
v -37.8418 -4.58974 109.557
v -29.2 7.65355 119.769
v -83.9762 5.31845 167.647
v -82.1219 6.86005 171.862
v -83.9541 5.31845 167.653
v -82.1441 6.86005 171.856
v -74.3725 5.31845 170.434
v -72.5182 6.86005 174.65
v -74.3504 5.31845 170.44
v -72.5404 6.86005 174.643
v -72.1423 5.31845 162.75
v -70.288 6.86005 166.965
v -72.1202 5.31845 162.756
v -70.3102 6.86005 166.959
v -73.2573 5.31845 166.591
v -71.403 6.86005 170.807
v -73.2351 5.31845 166.598
v -71.4251 6.86005 170.8
v -80.6311 5.31845 156.121
v -78.7768 6.86005 160.337
v -80.6089 5.31845 156.127
v -78.7989 6.86005 160.33
v -71.0274 5.31845 158.908
v -69.1731 6.86005 163.124
v -71.0052 5.31845 158.915
v -69.1953 6.86005 163.118
v -75.4871 5.31845 174.274
v -73.6328 6.86005 178.49
v -75.465 5.31845 174.281
v -73.655 6.86005 178.483
v -85.0908 5.31845 171.487
v -83.2365 6.86005 175.703
v -85.0686 5.31845 171.493
v -83.2587 6.86005 175.696
v -88.6802 -1.35998 105.886
v -86.9083 6.36002 110.078
v -88.6802 -1.35998 105.886
v -87.1004 6.36002 110.022
v -88.8347 -1.35998 113.416
v -84.643 6.36002 115.188
v -88.8347 -1.35998 113.608
v -84.6988 6.36002 115.188
v -69.8958 -1.9502 105.867
v -62.5345 4.13985 112.053
v -69.7535 -1.8138 105.825
v -62.5486 4.07147 111.951
v 4.73791 2.3833 -1.15658
v 13.6623 12.7798 7.332
v 4.72567 2.38341 -1.30488
v 13.9309 13.062 7.47679
v 3.14652 2.28689 13.3924
v 13.0995 17.6061 21.2606
v 3.2703 2.28452 13.3984
v 12.8216 17.3897 21.2258
v -5.9311 2.33045 -0.992298
v 0.421919 13.0015 5.32696
v -6.2735 2.45243 -1.28211
v 0.609755 13.008 5.59557
v -8.29706 2.36611 10.4644
v -0.525416 13.5068 21.7316
v -8.33658 2.36087 10.4113
v -0.327946 13.5127 21.7703
v 14.855 -0.36 32.885
v 33.145 0.11 39.115
v 18.88 -0.35 38.89
v 27.12 0.12 43.11
v 16.88 -0.36 24.88
v 25.12 0.11 33.12
v 14.9624 -0.11 38.7856
v 16.4582 5.61 40.2814
v 26.64 -0.11 38.89
v 27.11 5.61 43.11
v 18.88 -0.11 42.64
v 27.12 5.61 43.11
v -11.7149 1.89003 60.4482
v -8.4814 5.61003 63.6816
v 14.89 -0.35 38.89
v 19.11 0.12 43.11
v 11.9915 0.890001 82.664
v 16.2291 2.11 85.2476
v 11.9915 0.890001 82.664
v 16.2266 2.11 84.9143
v 12.0066 -0.11 84.6639
v 16.2442 1.11 87.2475
v 12.0066 -0.11 84.6639
v 16.2417 1.11 86.9142
v 12.0216 -1.11 86.6639
v 16.2593 0.11 89.2475
v 12.0216 -1.11 86.6639
v 16.2568 0.11 88.9141
v -3.93015 0.890001 92.792
v -0.697487 2.11 95.368
v -3.93015 0.890001 92.792
v -0.700001 2.11 95.0347
v -3.91506 -0.11 94.7919
v -0.682397 1.11 97.3679
v -3.91506 -0.11 94.7919
v -0.684911 1.11 97.0346
v -4.20409 -1.11 96.7913
v -0.594566 0.11 99.3702
v -4.20409 -1.11 96.7913
v -0.59708 0.11 99.0369
v 26.885 -0.110002 38.64
v 33.115 5.61 39.11
v 32.64 -0.110002 32.885
v 33.11 5.61 39.115
v 14.855 5.38 32.885
v 33.145 5.85 39.115
v 18.88 5.38 38.89
v 27.12 5.85 43.11
v -32.5355 -0.109963 64.1996
v -29.302 5.61004 67.4331
v -17.5486 1.89004 68.9335
v -16.9667 5.61003 69.5153
v 16.6447 0.64 46.4388
v 23.2696 1.11 54.6805
v 24.8378 1.63 63.5489
v 33.1382 2.1 71.8493
v 26.5114 5.64001 58.8857
v 33.8261 6.11 65.1224
v 27.9596 5.89002 62.3448
v 33.8261 9.61002 65.1225
v 23.4228 5.89002 53.7194
v 26.9767 9.61002 61.44
v 19.6405 5.89003 53.5946
v 23.6529 9.61003 55.596
v 26.5161 5.89004 61.1081
v 28.5175 9.61004 65.1206
v 16.6438 5.89001 47.8846
v 20.1976 9.61001 55.6052
v 31.82 1.89001 58.8876
v 33.8214 5.61001 62.9001
v 29.809 1.89002 62.3468
v 33.8215 5.61002 64.3482
v 24.8668 1.89001 66.1137
v 25.3785 5.61001 71.8431
v 39.9197 8.64 62.9531
v 56.8718 9.11001 85.8322
v 29.6904 1.89002 64.1261
v 31.057 5.61002 66.098
v 30.8585 1.89003 65.6585
v 33.0705 5.61003 66.1437
v 37.651 3.89002 52.0994
v 41.2048 9.61002 59.82
v 33.4896 3.89002 59.2536
v 41.2102 9.61002 62.8074
v 24.0729 1.89001 65.8694
v 25.0789 5.61001 66.3455
v 34.1918 3.64 52.0994
v 41.2047 4.11 61.2681
v 32.6433 1.89004 69.5641
v 33.1285 5.61004 71.7761
v 33.2671 9.64001 52.0984
v 41.2071 10.11 61.6552
v 24.8378 5.4 63.5489
v 33.1382 5.87 71.8493
v 26.5114 5.39002 58.8857
v 33.826 5.86001 65.1224
v 19.7292 5.39001 53.8067
v 28.2945 5.86001 66.6836
v 23.4051 9.39001 49.9393
v 37.5327 9.86001 65.1447
v 34.1918 9.39001 52.0993
v 41.2047 9.86001 61.2681
v 16.6207 9.39001 42.5652
v 32.9041 9.86001 55.6149
v 39.6579 1.89001 71.5061
v 40.1582 7.61001 75.728
v 39.7333 1.89001 81.5058
v 40.2336 7.61001 85.7277
v 34.0068 1.89002 85.2557
v 40.2387 7.61002 85.7711
v 21.9838 1.89002 81.6398
v 22.4842 7.61002 85.8617
v 22.0021 1.89002 85.3311
v 30.2439 7.61002 85.8617
v 21.9084 1.89002 71.64
v 22.4087 7.61002 75.862
v 21.9109 1.89001 71.6193
v 25.1278 7.61001 72.112
v 32.9006 1.89001 71.506
v 40.1374 7.61001 72.0291
v 34.1957 3.89002 52.1086
v 38.2081 9.61002 54.1101
v 29.7355 1.64 51.813
v 34.4199 2.11 55.4195
v 39.8323 7.39 65.3551
v 56.2331 7.86 81.756
v 32.8552 1.64 65.506
v 40.1204 2.11 69.779
v 32.8556 1.89003 65.5064
v 40.0924 5.61003 66.0294
v 32.8839 1.89004 69.2563
v 40.1208 5.61004 69.7794
v 32.8552 5.39 65.506
v 40.1204 5.86 69.779
v 16.751 1.88626 43.0673
v 29.5704 9.67626 48.7556
v -16.2969 5.34003 56.2064
v -14.3159 6.16003 58.1874
v -17.4424 5.34003 57.549
v -14.1383 6.16003 60.8532
v -21.1205 5.34003 56.4519
v -16.7165 6.16003 60.8559
v 30.5059 1.89 54.4256
v 34.1216 3.11 59.1138
v 30.272 1.88996 54.4256
v 34.1216 3.11 59.2117
v 32.3508 2.89 53.6533
v 35.9665 4.11 58.3415
v 32.1169 2.88995 53.6533
v 35.9665 4.11 58.4394
v 32.0506 4.89001 58.1153
v 35.6663 6.11001 62.8035
v 32.0506 4.88996 58.0174
v 35.9002 6.11001 62.8035
v 33.8954 3.89 57.343
v 37.5111 5.11 62.0312
v 33.8954 3.88995 57.245
v 37.7451 5.11 62.0312
v 19.3508 0.89 52.9028
v 24.039 2.11 56.5185
v 19.2529 0.889952 52.6688
v 24.039 2.11 56.5185
v 14.7989 -0.11 47.9812
v 19.967 1.11 56.3776
v 14.565 -0.110049 47.9812
v 19.967 1.11 56.4755
v 39.8323 1.64 65.3551
v 56.2332 2.11 81.756
v 21.8731 1.641 71.4807
v 40.2688 2.111 85.8867
v 20.1002 1.64 52.0216
v 34.7667 2.11 66.6881
v 20.7127 1.64 44.6529
v 30.5068 2.11 54.9859
v 32.911 1.85861 43.3803
v 34.1752 4.7127 44.5833
v 27.9579 1.84233 43.9172
v 31.0776 4.92332 46.7827
v 29.8992 4.30159 43.3905
v 34.0289 5.08532 45.8788
v 32.6073 4.19714 50.319
v 36.7732 5.16758 52.8304
v 30.1432 2.87476 52.1597
v 31.743 4.81342 53.3612
v 29.9165 1.84842 44.6339
v 31.1807 4.70251 45.8369
v 29.9595 4.26533 45.0838
v 33.8651 5.36043 52.226
v 28.8382 4.09659 45.1701
v 31.3691 5.16241 47.5171
v 30.5644 2.18209 52.1739
v 32.0781 3.85511 53.2637
v 32.5961 1.85025 51.5167
v 33.8604 4.58842 52.7197
v 29.8911 1.82504 50.869
v 33.7876 3.56784 53.8273
v 30.9291 1.84233 51.0143
v 34.0492 4.92332 53.8811
v 27.1847 1.82504 44.4042
v 31.0812 3.56784 47.3625
v 30.858 3.90278 50.5884
v 33.389 5.11481 52.9354
v 27.4248 2.87476 45.6662
v 29.0246 4.81342 46.8678
v 27.837 2.18209 45.4675
v 29.3507 3.85511 46.5573
v 35.6282 1.85999 50.2402
v 36.8925 4.59816 51.4431
v 35.1043 2.83812 48.311
v 36.3059 4.77679 49.9108
v 35.5296 1.73563 48.9578
v 36.6194 3.40865 50.4715
v 31.8623 1.82504 43.1953
v 36.021 5.14272 47.652
v 34.5986 1.82504 48.0087
v 37.5037 3.56784 51.7781
v 34.1754 1.84233 48.5104
v 37.9302 5.14272 52.0022
v 27.5508 4.38999 46.1843
v 31.2375 5.36043 53.3119
v 32.0687 1.82504 41.8289
v 34.5319 3.56784 44.5425
v 31.2654 1.96134 41.4324
v 35.2355 5.26174 45.4386
v 25.673 1.89 39.4058
v 37.4165 5.72428 55.0682
v 29.0195 1.57556 39.7605
v 36.5671 2.11 53.6674
v 25.673 1.89 39.4058
v 37.4165 2.11 55.0682
v 28.9699 1.73448 39.7273
v 36.6464 2.11 53.6882
v 29.419 1.51481 39.926
v 36.1421 1.8572 53.5407
v -26.1776 -0.109964 52.1729
v -22.8779 5.61004 55.4726
v -26.31 -0.109964 52.2172
v -25.7063 5.61004 52.8209
v -20.5335 -0.109964 57.817
v -17.2338 5.61004 61.1167
v 28.5792 1.89001 76.0872
v 29.0871 5.61001 81.3141
v 28.8292 1.89001 76.0854
v 29.3371 5.61001 81.3122
v -17.2027 5.39003 56.3745
v -8.47497 5.86003 65.1022
v -29.0653 5.39002 51.9366
v -12.8759 5.86001 68.1261
v -32.2473 5.39002 55.1186
v -16.0578 5.86001 71.308
v -35.4293 5.39002 58.3006
v -19.2398 5.86001 74.49
v -17.64 1.87638 60.2019
v -16.2586 5.59638 61.5833
v -33.141 -0.109964 59.1689
v -32.5567 5.61004 59.7645
v -22.9071 5.21421 64.2821
v -12.7362 5.68422 74.453
v -32.5223 -0.226749 63.9634
v -31.9185 5.49325 64.5672
v -18.7866 1.89 53.5531
v -15.5531 6.02697 56.7866
v -18.8913 3.67914 53.4978
v -15.4968 6.08473 56.8922
v -27.1006 5.21421 60.0886
v -16.9297 5.68421 70.2595
v -29.8618 5.2142 57.3274
v -19.6909 5.68421 67.4983
v -32.6644 5.2142 54.5248
v -22.4935 5.6842 64.6957
v -29.7252 -0.226749 66.7605
v -29.1215 5.49325 67.3642
v -33.0763 5.2142 52.0207
v -25.3449 5.6842 59.752
v -27.0045 1.84649 69.5664
v -26.4008 5.49649 70.1701
v -22.8143 1.84649 73.7565
v -22.2106 5.49649 74.3602
v -31.2523 3.15326 65.3447
v -30.4477 3.74326 66.1492
v -17.1876 5.21465 60.5284
v -12.8716 5.68465 64.8444
v -18.3917 1.89004 77.8952
v -14.1717 5.61004 78.3652
v -29.7459 -0.109996 64.6911
v -26.8677 2.11 67.5692
v -27.0951 -0.109996 64.6902
v -23.8617 2.11 67.9237
v -27.3709 -0.109996 64.3153
v -26.591 2.19974 65.0952
v -19.492 -0.109996 60.4492
v -16.9691 2.11 62.9721
v -24.4331 -0.109996 61.6745
v -21.1996 2.11 64.908
v -24.4331 -0.109996 61.5755
v -21.1002 2.19974 64.9084
v -21.6133 -0.109996 62.5706
v -19.0904 2.11 65.0934
v -25.9077 5.19872 52.1624
v -17.2224 5.69968 60.8477
v -20.7096 -0.226749 57.7449
v -20.1059 5.49325 58.3486
v -31.7901 -0.109964 55.0013
v -28.4904 5.61004 58.301
v -28.9617 -0.109964 52.1729
v -25.6619 5.61004 55.4726
v 27.8341 10.14 37.9122
v 43.6507 10.61 62.9996
v 35.9513 8.64 63.1141
v 40.2314 9.11001 71.3263
v 21.5912 1.33822 76.3148
v 22.5124 2.15822 81.1845
v 30.5117 1.34002 85.2311
v 33.7133 2.16001 86.1397
v -52.1319 0.880716 90.6155
v -51.0463 1.79375 91.5623
v -52.1319 0.880716 90.6155
v -51.0463 1.79375 91.5623
v -52.0393 1.01057 90.6653
v -51.4624 1.4663 91.2254
v -51.6649 1.01057 90.7603
v -51.1077 1.4663 91.2893
v -72.3931 0.591607 162.752
v -71.2851 1.50464 163.734
v -72.3931 0.591607 162.752
v -71.2851 1.50464 163.734
v -71.972 0.721464 163.112
v -71.3971 1.17719 163.676
v -72.3189 0.721464 163.028
v -71.7692 1.17719 163.555
v 8.85498 -1.20383 -59.145
v 9.14498 -0.913829 -58.855
v -10.5227 -0.108852 104.226
v -9.93908 1.05985 104.886
v -11.8764 -0.13807 98.4968
v -11.6031 0.30513 98.7953
v -11.8736 -0.13946 98.5101
v -11.5726 0.309221 98.7659
v -6.29665 -1.11 97.2376
v -4.53654 1.41 98.1187
v -6.29665 -1.11 97.2376
v -4.53654 1.41 98.1187
v -7.88049 -1.11 97.2376
v -6.12039 1.41 98.1187
v -7.88049 -1.11 97.2376
v -6.12039 1.41 98.1187
v -26.0491 -2.11 16.7284
v -24.289 0.409999 17.6096
v -26.0491 -2.11 16.7284
v -24.289 0.409999 17.6096
v -27.6329 -2.11 16.7284
v -25.8728 0.409999 17.6096
v -27.6329 -2.11 16.7284
v -25.8728 0.409999 17.6096
v -17.7106 1.89003 69.5319
v -15.9257 4.41003 71.3167
v -17.7106 1.89003 69.5319
v -15.9257 4.41003 71.3167
v -16.5561 1.89003 70.6864
v -14.7713 4.41003 72.4712
v -16.5561 1.89003 70.6864
v -14.7713 4.41003 72.4712
v -159.309 0.64 117.288
v -157.421 3.16 118.577
v -159.309 0.64 117.288
v -157.421 3.16 118.577
v -157.711 0.64 117.752
v -155.823 3.16 119.041
v -157.711 0.64 117.752
v -155.823 3.16 119.041
v -156.1 0.64 118.22
v -154.212 3.16 119.509
v -156.1 0.64 118.22
v -154.212 3.16 119.509
v -71.6027 1.7984 112.367
v -69.8895 4.80894 112.928
v -71.442 1.94303 112.581
v -70.0349 4.66432 112.9
v -34.868 4.88872 44.1081
v -33.7716 5.42099 45.2408
v -34.868 4.88872 44.1081
v -33.7716 5.42099 45.2408
v 13.1969 -1.2736 96.7104
v 15.1963 -0.276154 98.8396
v 13.1969 -1.2736 96.7104
v 15.1963 -0.276154 98.8396
v 4.23105 -1.17495 103.926
v 6.30049 -0.177508 105.86
v 4.23105 -1.17495 103.926
v 6.30049 -0.177508 105.86
v -4.71232 -1.15989 110.979
v -2.64287 -0.16245 112.912
v -4.71232 -1.15989 110.979
v -2.64287 -0.16245 112.912
v -15.6053 5.85775 51.1866
v -14.3536 6.45647 52.4856
v -15.6053 5.85775 51.1866
v -14.3536 6.45647 52.4856
v 22.2067 2.84338 81.5308
v 22.5329 6.56006 84.4327
v -75.9119 0.134572 67.4701
v -73.6618 0.979922 69.7365
v -75.9119 0.134572 67.4699
v -73.6616 0.979922 69.7365
v -83.7367 0.635684 86.7177
v -81.2168 1.48103 88.1191
v -83.7367 0.635684 86.7177
v -81.2166 1.48103 88.1192
v -56.8986 -0.36463 58.8101
v -55.4404 0.480719 61.3331
v -56.8986 -0.36463 58.8101
v -55.4404 0.48072 61.3333
v -70.1075 0.127875 79.4697
v -67.8944 0.973225 81.7698
v -70.1077 0.127875 79.4697
v -67.8944 0.973225 81.77
v -63.8922 0.127859 73.0891
v -61.679 0.973209 75.3892
v -63.8923 0.127859 73.0891
v -61.679 0.973209 75.3894
v -76.4035 0.659319 93.9622
v -73.8803 1.50467 95.4239
v -76.4037 0.659319 93.9621
v -73.8803 1.50467 95.4239
v -70.8295 0.719884 112.498
v -68.3539 1.56523 113.603
v -70.8298 0.719884 112.498
v -68.3539 1.56523 113.603
v -53.4854 0.0903076 147.687
v -50.266 4.60407 148.877
v -32.6394 3.58438 81.0305
v -28.9485 7.21471 84.9728
v -32.807 3.57974 80.9103
v -28.9117 7.25119 85.0681
v -35.9658 5.22384 88.5271
v -33.9254 6.61323 90.9672
v -35.9141 5.12379 88.559
v -33.9791 6.78167 90.9965
v 7.41737 -0.340185 48.6743
v 8.85905 0.632443 50.1444
v 7.42931 -0.381588 48.6951
v 8.85619 0.708256 50.1525
v 20.9621 1.71129 68.4807
v 22.2194 2.56966 69.7959
v 20.963 1.67601 68.4918
v 22.203 2.63426 69.8055
v 21.1429 1.7136 70.1983
v 22.5269 2.54678 71.7442
v 21.1646 1.61873 70.2228
v 22.4905 2.60408 71.7523
v -27.482 3.03732 95.7297
v -23.2808 7.11324 98.4868
v -27.5395 3.04393 95.5188
v -23.3258 7.11956 98.5993
v -27.6492 3.94935 88.8324
v -24.721 6.96914 92.2753
v -27.6918 3.81072 88.8499
v -24.7354 7.07016 92.3492
v -30.7595 5.62573 85.4505
v -28.4773 7.11597 88.0722
v -30.6981 5.45243 85.4254
v -28.5147 7.21885 88.0362
v -37.3489 4.23508 84.5782
v -35.3436 6.70017 87.0762
v -37.4013 4.22231 84.5513
v -35.2141 6.71014 87.0941
v -34.2057 4.53859 83.7447
v -31.2783 8.0725 87.3096
v -34.3431 4.47859 83.6771
v -31.2189 8.05153 87.348
v -54.9419 1.08422 121.716
v -53.2894 3.01647 123.608
v -55.0098 1.09653 121.676
v -53.2534 3.05911 123.625
v -55.0388 0.987818 121.145
v -53.4549 2.78445 122.931
v -55.0311 0.986428 121.063
v -53.4374 2.8374 122.987
v -36.8838 5.37066 94.543
v -35.032 6.68949 96.4995
v -36.8731 5.25952 94.5695
v -35.0468 6.75092 96.5195
v -10.2212 -0.0622011 42.8451
v -8.92156 1.55389 44.0953
v -9.39514 -0.161468 42.7955
v -7.29676 0.467344 45.0217
v -9.40832 0.0731893 42.8438
v -7.24416 0.798176 45.0774
v -9.48631 0.332962 42.787
v -7.27055 1.04811 45.0066
v -12.3279 -0.293481 41.2743
v -10.3339 1.24748 43.1635
v -13.2808 0.0823722 40.7528
v -11.188 0.754197 42.8654
v -13.0513 -0.142661 40.8342
v -10.8224 0.469542 43.0203
v -3.48538 0.517283 54.142
v -1.36378 1.30089 56.2357
v -3.55384 0.329606 54.3276
v -1.29801 1.08346 56.4962
v -4.17412 0.411921 55.4553
v -2.56729 1.17738 57.1306
v -10.2988 -0.154013 41.9594
v -8.21746 0.446176 43.9397
v -10.3261 -0.0351138 41.8815
v -8.23519 0.708792 43.9672
v -51.1578 -4.1495 -3.08772
v -49.4483 -2.77386 -1.16667
v -52.0798 -3.82151 -3.10597
v -50.1229 -3.09142 -0.943877
v -52.1176 -4.05992 -3.3534
v -50.2702 -3.42142 -1.24569
v -54.713 -3.96449 -2.80024
v -53.3722 -2.35444 -1.72479
v -41.348 -4.04163 -10.3841
v -39.8895 -3.50755 -8.90175
v -68.4933 -4.09808 -7.29199
v -66.4498 -2.52195 -5.10546
v -68.2805 -4.1467 -7.64822
v -66.3038 -2.82289 -5.42646
v -67.9623 -4.05523 -7.76693
v -66.0362 -3.40847 -6.19443
v -67.8417 -2.77724 -9.16314
v -66.3201 -2.0643 -7.27822
v -67.4799 -3.83306 -9.56451
v -65.4955 -3.07694 -7.91522
v -67.5654 -4.06145 -9.6491
v -65.5036 -3.41618 -7.87713
v 6.92979 -4.21185 -19.5487
v 8.55956 -3.29045 -18.1284
v 7.45536 -4.14391 -19.5075
v 8.99511 -3.6019 -18.2454
v 6.92285 -3.03178 -20.638
v 8.91176 -2.44298 -18.8734
v -41.3535 -3.94623 -10.0525
v -40.3151 -2.64452 -8.8796
v 27.1146 1.79727 77.4153
v 28.6898 3.10632 79.3119
v 27.2465 2.05049 78.3856
v 28.8822 2.72232 80.3029
v 27.211 1.82546 78.0826
v 28.7551 2.43766 79.9866
v 10.338 -4.9069 -47.9296
v 11.9678 -3.98551 -46.5093
v 10.8636 -4.83897 -47.8885
v 12.4033 -4.29696 -46.6264
v 11.0734 -5.99798 -47.0115
v 12.6892 -5.45598 -45.2551
v -109.995 4.64824 142.587
v -108.363 5.3442 144.494
v -110.21 5.0613 142.489
v -108.271 5.66873 144.579
v -109.842 4.58141 141.621
v -108.303 6.33365 143.246
v -77.8881 1.08619 135.025
v -75.949 1.69362 137.115
v -77.6735 0.673124 135.123
v -76.0413 1.36908 137.03
v -77.6332 0.700113 135.805
v -76.1501 2.05853 137.582
v -88.283 0.958037 61.3957
v -78.9122 3.49972 70.7533
v -82.134 0.958052 55.1532
v -72.7632 3.49973 64.5108
v -83.907 0.630181 59.5989
v -82.3512 3.58127 61.1737
v -82.2525 0.889662 61.0886
v -70.8859 1.25252 72.6073
v -156.472 -0.115988 77.0049
v -62.1336 0.270572 146.535
v -156.472 -0.115988 77.0049
v -62.1336 0.270572 146.535
v -169.281 22.4076 103.894
v -135.227 32.0014 151.576
v -143.362 -1.2965 120.912
v -140.78 8.67096 128.97
v -143.822 -1.2965 121.045
v -141.241 8.67096 129.089
v -143.685 -1.44506 120.86
v -140.929 8.4231 129.151
v -142.676 -2.3969 120.632
v -139.991 8.65678 128.841
v -142.178 25.5579 122.714
v -140.59 29.9987 126.792
v -179.757 -1.2965 152.642
v -177.175 7.89965 160.7
v -179.296 -1.2965 152.523
v -176.715 7.7003 160.568
v -179.608 -1.44506 152.461
v -176.852 7.45244 160.752
v -186.262 -1.94943 103.878
v -143.98 32.5025 146.055
v -177.257 16.1803 136.786
v -135.15 32.5025 178.328
v -186.585 -2.39689 130.036
v -151.256 32.0014 178.067
v -169.209 -1.94943 104.219
v -135.529 31.1605 151.299
v -146.854 -1.58113 104.647
v -140.751 12.566 120.674
v -140.36 -1.58113 128.379
v -134.258 12.566 144.406
v -179.786 -1.58113 160.939
v -173.683 12.566 176.966
v -142.27 -0.19943 101.119
v -139.112 2.05051 104.915
v -142.255 -0.19943 101.134
v -139.115 2.04481 104.902
v -133.853 -0.721721 98.3821
v -110.186 13.4302 123.942
v -133.803 -0.721721 98.3821
v -110.189 13.4302 123.914
v -99.5404 10.895 96.4344
v -79.3274 13.105 98.797
v -79.5967 5.8825 96.2381
v -77.3823 13.1175 96.7842
v -77.6117 9.8925 95.8359
v -73.3975 13.1075 96.5839
v -73.627 5.8825 95.6356
v -71.4126 13.1175 96.1817
v -71.6372 -1.13501 95.4348
v -69.4228 13.135 95.9809
v -73.627 -1.11751 95.6356
v -71.4126 6.11749 96.1817
v -69.9532 -1.13501 92.4394
v -69.3062 13.135 95.6537
v -69.9144 -1.13501 83.4477
v -66.334 13.135 93.2068
v -66.6074 10.895 76.5461
v -59.2514 13.105 84.0077
v -66.6074 -1.11751 76.5461
v -59.2514 6.11749 84.0077
v -68.7428 5.64 74.4426
v -59.3423 6.11 83.9182
v -68.7323 5.8875 79.4403
v -66.3133 11.1125 81.89
v -63.8201 5.8875 74.4534
v -61.401 11.1125 76.9031
v -61.8025 5.8875 74.4533
v -59.3528 11.1125 76.8724
v -68.7323 5.8875 81.4885
v -66.2826 11.1125 83.9076
v -68.7428 10.89 74.4426
v -59.3423 11.36 83.9182
v -66.6288 9.8975 76.5888
v -63.5045 11.1025 79.7545
v -59.4147 3.8775 75.2134
v -54.325 13.1225 76.8607
v -54.5941 -1.13501 73.1301
v -46.5933 13.135 75.5618
v -48.4223 -1.13501 67.3019
v -46.5135 13.135 73.362
v -49.4616 3.8775 63.4445
v -48.0758 13.1225 67.5638
v -49.9807 -1.13501 61.5182
v -49.1177 13.135 63.6967
v -49.9916 -1.13501 59.4619
v -41.9908 13.135 61.8937
v -42.3775 -1.13502 59.4669
v -41.2531 13.135 62.6158
v -41.4793 -1.13502 61.0597
v -36.3896 13.135 62.707
v -114.68 12.5187 30.2185
v -49.7171 45.1144 95.1813
v -100.269 12.64 88.4557
v -69.3648 13.11 98.6826
v -89.8311 12.64 76.6574
v -66.4121 13.11 93.1802
v -83.0055 12.64 61.7759
v -59.3067 13.11 85.3782
v -67.8149 12.64 52.5462
v -45.6274 13.11 77.5694
v -59.8866 -1.13501 76.5172
v -59.1637 13.135 76.9879
v -46.2175 -1.1225 104.169
v -40.4627 8.1225 109.924
v -46.2175 -1.1225 104.169
v -40.4627 8.1225 109.924
v -57.5063 -1.3525 49.7579
v -19.4951 -0.147503 78.2786
v -75.931 -5.3625 70.0305
v -26.486 -0.137503 119.475
v -75.931 -5.3625 70.0305
v -26.486 -0.137503 119.475
v -37.0654 -6.52448 66.1046
v -20.8117 1.10935 82.5025
v -32.7747 -0.203364 73.6042
v -18.305 2.17992 87.5821
v -21.9927 1.64 85.8904
v -17.6515 2.11 102.2
v -17.9927 1.64 85.8752
v -13.697 2.11 96.1552
v -21.0604 1.64 77.8904
v -13.7952 2.11 82.1633
v -20.0278 1.64 81.8677
v -13.7676 2.11 86.1331
v -26.0275 1.64 81.9356
v -19.7674 2.11 86.2009
v -23.9875 1.64 85.9481
v -21.7396 2.11 91.1881
v -27.5945 1.64 85.9632
v -23.7355 2.11 91.2154
v -43.7205 -7.90983 63.2741
v -30.2977 -0.37829 76.4757
v -23.7125 -5.17121 73.0551
v -19.3955 1.66608 78.5707
v 9.63087 11.6671 -33.4989
v 13.8509 15.8871 -29.2789
v -3.52782 2.93043 -37.361
v 12.9531 19.4113 -20.8802
v 11.4722 2.93043 -37.361
v 27.9531 19.4113 -20.8802
v -7.20754 8.92746 -47.306
v 10.413 26.548 -29.6855
v -7.15154 -4.24207 -33.3851
v -3.51906 -0.609587 -29.7526
v -7.15154 -0.928769 -33.3851
v -3.51906 2.70371 -29.7526
v -7.15154 2.28842 -33.3851
v -3.51906 5.9209 -29.7526
v -7.15154 5.59766 -33.3851
v -3.51906 9.23014 -29.7526
v -3.52782 15.1795 -37.361
v 12.9531 31.6603 -20.8802
v 11.4722 15.1795 -37.361
v 27.9531 31.6603 -20.8802
v -13.9798 4.41724 33.1913
v -13.5032 5.29803 37.9409
v -8.89635 2.95269 73.0869
v -8.07739 3.64253 73.8689
v -68.8779 -0.840649 108.533
v -63.3026 6.92263 113.735
v -68.8175 -0.81638 108.566
v -63.2067 6.96377 113.797
v -67.0985 -0.0810309 107.118
v -61.9745 3.90867 112.057
v -67.1588 -0.0665443 107.036
v -62.0056 3.93137 112.006
v -61.1714 -0.36 131.41
v -55.5826 0.86 134.951
v -61.1714 -0.360049 131.167
v -55.5119 0.86 134.951
v -63.8323 0.640003 144.174
v -59.2085 1.86 147.435
v -63.8323 0.639955 143.931
v -59.1379 1.86 147.435
v -77.2774 0.640003 140.272
v -72.6537 1.86 143.533
v -77.2774 0.639955 140.029
v -72.583 1.86 143.533
v -78.302 0.686662 111.256
v -73.3342 1.90666 116.356
v -78.302 0.686614 111.256
v -73.149 1.90666 116.529
v -83.1639 1.43666 108.295
v -74.9595 1.90666 116.602
v -65.9415 2.57437 109.047
v -64.1809 4.35715 110.993
v -65.9549 2.56963 109.028
v -64.205 4.46045 110.961
v -12.4198 -1.36 96.8081
v -4.11943 -0.890002 105.109
v -12.4079 -1.11 97.1179
v -11.8811 2.61 104.857
v -12.1685 -1.11 96.82
v -4.42921 2.61 97.3469
v -6.34585 -1.11 104.57
v -4.38511 2.61 105.053
v -4.61468 -1.11 102.824
v -4.13142 2.61 104.784
v -4.65805 -1.11 97.0738
v -4.17479 2.61 99.0345
v -10.3514 -1.11 104.583
v -6.12944 2.61 105.083
v -4.6449 -1.11 98.8181
v -4.14458 2.61 103.04
v -12.0957 -1.11 104.613
v -10.135 2.61 105.097
v -13.1256 1.89003 63.2801
v -11.3134 5.61003 65.0923
v -13.1326 1.89003 56.3788
v -8.47786 5.61003 61.0335
v -14.3636 1.89003 56.3851
v -12.5514 5.61003 58.1973
v -18.6063 1.64 56.3851
v -14.1424 2.11 60.849
v -24.2692 3.64003 48.5967
v -16.2521 4.11003 56.6137
v -15.9546 1.89003 56.3851
v -14.1424 5.61003 58.1973
v -18.6053 3.64003 51.4322
v -13.4308 4.11003 56.6067
v -30.2965 -0.359996 51.7659
v -16.5943 0.110004 65.4682
v -21.4453 1.64 60.6171
v -12.7176 2.11 69.3449
v -26.7654 1.64 64.843
v -11.2866 2.11 80.3218
v -36.5067 -0.359996 54.951
v -24.022 0.110004 67.4357
v -33.5918 -0.109963 63.1434
v -32.1349 5.61004 64.6002
v -26.2257 -0.109963 51.7712
v -16.9517 5.61004 61.0451
v -34.1797 -0.109963 51.4185
v -25.2611 5.61004 60.3371
v -33.4115 -0.109963 58.7649
v -32.9415 5.61004 63.6793
v -17.3718 1.89003 69.1102
v -14.1383 5.61003 72.3437
v -17.3753 1.89003 64.6873
v -12.7205 5.61003 69.342
v -14.6124 1.89004 71.9378
v -14.1424 5.61004 78.1678
v -29.7283 1.89004 67.0068
v -17.9671 5.61004 78.768
v -18.8829 1.89004 77.8951
v -18.1804 5.61004 78.3651
v -29.5691 1.64001 64.8678
v -24.0393 2.11001 70.3976
v -17.2027 1.64 56.3745
v -8.47499 2.11 65.1022
v -27.2769 -0.109995 61.7488
v -22.5703 1.11001 66.4554
v -27.0412 -0.109995 61.9845
v -22.5703 1.11001 66.4554
v -25.8627 0.890005 63.163
v -21.1561 2.11001 67.8697
v -25.627 0.890005 63.3987
v -21.1561 2.11001 67.8697
v -11.5388 0.890006 60.6242
v -6.83214 2.11001 65.3308
v -11.5388 0.890006 60.6242
v -7.06784 2.11001 65.0952
v -21.4418 1.89003 56.2012
v -16.787 5.61003 60.856
v -55.2589 13.7333 87.8637
v -42.9566 28.0955 100.166
v -52.7376 4.90222 90.385
v -45.4778 12.1834 97.6447
v -55.283 11.895 87.8395
v -42.9324 14.105 100.19
v -55.283 11.895 87.8395
v -42.9324 14.105 100.19
v -51.1603 -0.1125 101.506
v -46.9393 5.1125 101.881
v -47.1639 -0.1125 99.5476
v -43.3856 5.1125 101.838
v -43.6739 -0.1125 96.0707
v -41.3603 5.1125 99.8367
v -41.693 -0.1125 92.0773
v -41.183 5.1125 96.2999
v -43.3621 3.8975 88.4604
v -41.1937 5.1025 92.3012
v -46.7391 -0.1125 86.2674
v -43.0678 5.1125 88.7448
v -51.7155 -0.1125 85.7699
v -46.4998 5.1125 86.5979
v -56.951 -0.112503 91.9275
v -56.579 5.1125 96.1484
v -56.939 -0.112503 95.9248
v -54.6744 5.1125 99.7169
v -54.965 3.8975 99.4289
v -50.8974 5.1025 101.951
v -53.1551 -1.1175 84.1995
v -50.7054 6.1175 86.6186
v -54.6459 -1.1175 84.2026
v -52.9321 6.1175 85.9363
v -58.8564 -1.1175 88.4771
v -57.1426 6.1175 90.2109
v -58.8568 -1.1175 89.9879
v -56.4071 6.1175 92.407
v -57.4564 3.8975 85.6239
v -54.3321 5.1025 88.7896
v -52.2454 -0.112499 90.8772
v -45.9701 5.1125 97.1525
v -52.2454 -0.112499 90.8772
v -45.9701 5.1125 97.1525
v -43.8945 -0.110001 88.5236
v -43.0333 4.11 89.6497
v -47.3422 -0.1125 87.2171
v -43.6709 5.1125 89.6945
v -42.5204 -0.110001 91.9117
v -41.3103 4.11 92.2978
v -42.817 -0.1125 92.0311
v -42.3071 5.1125 96.2537
v -44.6518 -0.1125 95.5145
v -42.3381 5.1125 99.2805
v -47.7136 -0.1125 98.566
v -43.9352 5.1125 100.857
v -51.1688 -0.1125 100.381
v -46.9478 5.1125 100.756
v -51.2928 -0.110001 100.543
v -50.9402 4.11 101.749
v -54.895 -0.110003 98.9511
v -53.7445 4.11 99.7626
v -55.9533 -0.112503 95.3825
v -53.6887 5.1125 99.1746
v -55.826 -0.112503 91.4338
v -55.4507 5.1125 96.1572
v -51.8262 -0.1125 86.8894
v -45.6103 5.1125 87.8141
v -54.6427 -0.110003 85.7169
v -53.625 4.11 86.7254
v -53.8427 -0.112503 85.7063
v -52.8341 5.1125 86.724
v -53.2303 -0.112503 85.7045
v -51.4966 5.1125 87.4183
v -57.3514 -0.112503 89.2684
v -56.3429 5.1125 90.2861
v -56.6549 3.8975 86.4134
v -53.5306 5.1025 89.579
v -57.3531 -0.112503 89.8899
v -55.6194 5.1125 91.6037
v -54.4006 3.8975 98.4557
v -50.6488 5.1025 100.795
v -57.362 -0.110003 88.4775
v -56.3443 4.11 89.4861
v -57.362 3.89 85.7169
v -53.625 4.36 89.4861
v -53.0864 5.885 90.0362
v -45.1291 12.115 97.9935
v -53.0864 5.885 90.0362
v -45.1291 12.115 97.9935
v -58.0708 -0.360003 84.9974
v -51.4913 0.109997 91.6091
v -54.8978 3.89 98.5704
v -50.7152 4.36 101.654
v -44.2446 3.89 88.521
v -41.3115 4.36 92.7553
v -58.7761 5.64 84.2814
v -50.7861 6.11 92.3251
v -54.9535 5.8925 99.3827
v -50.8783 9.1075 101.909
v -57.1033 5.8925 96.0554
v -54.6565 9.1075 99.7452
v -54.8649 5.8925 99.3425
v -50.8668 9.1075 101.824
v -56.9971 5.8925 95.9893
v -54.5504 9.1075 99.6792
v -57.2326 -5.11251 85.8899
v -40.9526 0.112495 102.17
v -57.2326 -5.11251 85.8899
v -40.9526 0.112495 102.17
v -42.2356 4.8975 91.8143
v -36.9804 6.1025 96.0721
v -57.3082 4.8975 85.8144
v -40.9073 6.1025 102.215
v -57.3082 4.8975 85.8144
v -40.9073 6.1025 102.215
v -64.5023 4.8975 78.6836
v -54.3214 6.1025 88.8001
v -51.1603 5.8925 101.506
v -46.9393 9.1075 101.881
v -51.1612 5.8925 101.381
v -46.9403 9.1075 101.756
v -47.1587 5.8925 100.744
v -45.0444 9.1075 101.842
v -47.2062 5.8925 100.629
v -45.0919 9.1075 101.727
v -66.699 -0.425825 111.098
v -55.4713 12.6849 126.176
v -66.5837 -1.76446 111.13
v -55.7205 12.6227 125.811
v -8.86378 -1.10855 97.1069
v -7.63002 0.373862 98.265
v -8.83547 -1.11 97.0837
v -7.60168 0.368512 98.2912
v -12.1595 -1.10855 101.609
v -10.7923 0.373862 102.99
v -12.1531 -1.11 101.58
v -10.7522 0.368512 102.986
v -20.1873 -2.10855 23.4936
v -19.203 -0.626136 24.5777
v -20.2216 -2.11 23.5269
v -19.184 -0.631486 24.5991
v -21.3946 -2.10855 23.8887
v -20.1114 -0.626137 25.2205
v -21.3979 -2.11 23.8613
v -20.0713 -0.631487 25.2047
v -74.2658 -0.358497 174.418
v -73.1737 1.12391 175.596
v -74.3025 -0.359949 174.446
v -73.1592 1.11856 175.62
v -85.7642 -0.358549 129.978
v -84.5816 1.12386 131.232
v -85.788 -0.36 129.949
v -84.5569 1.11851 131.205
v -12.9213 -0.142661 40.6822
v -10.6924 0.469543 42.8684
v -57.5616 -1.10385 72.0432
v -54.1797 5.31848 73.9796
v -57.5585 -1.10385 72.1205
v -54.1827 5.38631 73.9023
v -60.6785 -1.10385 72.549
v -57.1363 5.31848 74.5129
v -60.676 -1.10385 72.6262
v -57.1388 5.38631 74.4357
v -60.941 -1.10385 72.6915
v -59.6817 6.07763 74.8508
v -61.0619 -1.10385 72.7235
v -59.5403 6.13298 74.8152
v -57.6928 -0.0998517 60.5546
v -54.3123 4.33134 62.4855
v -57.6899 -0.0998517 60.6319
v -54.3152 4.37746 62.4082
v -60.6509 -0.0998517 61.0546
v -57.2704 4.33134 62.9856
v -60.648 -0.0998517 61.132
v -57.2733 4.37746 62.9083
v -80.4941 -0.101347 30.3399
v -57.6066 34.8019 66.4002
v -80.5815 -0.0697285 30.2207
v -57.5684 34.9477 66.4202
v -107.455 -1.39758 11.1772
v -21.1627 3.19998 96.9183
v -107.455 -1.39758 11.1772
v -21.1627 3.19998 96.9183
v -63.7253 -0.0963516 61.6227
v -62.4903 2.26365 65.8482
v -69.8878 -0.0963516 62.6645
v -68.6529 2.26365 66.89
v -69.597 -0.101351 61.6719
v -62.7812 2.11865 66.8408
v -69.597 -0.127254 61.6719
v -62.7549 2.11865 66.9968
v -64.5426 -1.10135 73.8775
v -60.0421 0.118649 76.7393
v -64.5426 -1.14138 73.8775
v -60.0198 0.118649 76.8714
v -68.4866 -1.10135 74.5442
v -63.9862 0.118649 77.406
v -68.4866 -1.14138 74.5442
v -63.9638 0.118649 77.5382
v -69.2053 -1.10385 74.1053
v -67.946 6.07763 76.2646
v -69.3262 -1.10385 74.1373
v -67.8046 6.13298 76.2291
v -68.5893 -0.111913 73.2701
v -60.3758 8.35887 75.4322
v -68.5665 -0.140447 73.2656
v -60.3997 8.38013 75.4303
v -106.914 17.0168 87.8171
v -81.4393 36.866 108.051
v -101.792 12.0168 39.5791
v -42.6934 31.866 98.7232
v -54.9313 15.507 36.1161
v -34.8999 35.3562 61.5014
v -51.1302 15.3902 33.2318
v -11.8132 35.2394 71.9636
v -106.914 17.0168 87.8171
v -81.4393 36.866 108.051
v -111.593 20.1813 94.058
v -83.2904 43.0808 123.827
v -93.4063 23.4065 111.248
v -76.5631 43.2557 131.315
v -104.034 18.9948 127.009
v -89.3531 38.844 164.546
v -103.204 11.5316 141.04
v -58.4289 31.3807 186.187
v -68.1616 6.14933 146.083
v -29.1841 25.9985 189.51
v -60.1359 11.5483 140.251
v -27.5014 31.3975 159.759
v -65.8677 5.76615 140.788
v -27.9478 37.8946 179.055
v -100.193 11.1178 125.744
v -80.943 27.1497 144.413
v -27.373 -11.1817 140.971
v 5.12659 30.7119 148.769
v -36.3427 -11.1817 141.06
v -19.966 30.7119 174.707
v 0.77772 -11.1817 114.545
v 43.946 30.7119 149.601
v 37.1588 -11.1817 85.3622
v 44.7144 30.7119 119.735
v 35.2325 14.2234 66.2304
v 42.788 56.117 87.6905
v 25.0938 10.656 45.5513
v 42.8251 52.5497 74.3104
v 17.6511 10.656 34.0767
v 34.6553 52.5497 53.7654
v 17.0379 10.656 31.91
v 25.2503 52.5497 38.8524
v 29.1669 -9.20553 -22.4672
v 46.4163 32.6881 2.76212
v 24.6346 2.56375 -32.1606
v 32.2544 44.4574 -21.1965
v 2.46127 12.4118 -38.8621
v 26.3578 54.3055 -27.898
v -20.4291 2.46717 -43.0574
v -2.56232 44.3608 -32.0934
v -17.9437 4.64245 -43.0574
v 24.6521 46.3674 -32.0934
v -29.6265 2.46717 -35.2492
v -18.6625 44.3608 -21.604
v -33.8125 2.68654 -24.4664
v -22.8484 44.5802 -4.19055
v -43.4325 2.68654 5.59751
v -32.4685 44.5802 18.8368
v -42.7271 6.71483 -18.7775
v -22.7074 48.6084 1.25659
v -36.5081 6.71483 -19.0187
v -28.3445 48.6084 1.25719
v -40.0597 5.22464 -18.6662
v -22.8188 8.88549 -1.40638
v -37.8033 4.8419 -18.7416
v -22.7433 7.61226 -3.659
v -8.33664 20.7566 23.155
v 12.9244 62.6502 33.1017
v -28.0477 17.5373 23.155
v -6.78669 59.4309 33.1017
v 11.6128 17.5373 23.155
v 32.8739 59.4309 33.1017
v -35.7095 25.2748 -34.7646
v 44.8158 34.9777 28.8466
v -36.425 24.2894 30.4168
v 44.1003 33.9923 168.979
v -101.644 24.2894 44.5062
v 4.52905 33.9923 177.543
v 27.9167 12.4404 74.5671
v 35.4722 54.334 82.815
v 39.154 -9.20553 2.03128
v 56.4034 32.6881 27.2606
v -51.8182 17.757 18.1028
v -12.5012 37.6062 56.8345
v -48.2944 10.3149 18.02
v -12.5431 36.155 52.9604
v -83.6036 6.48372 88.5773
v -77.2107 13.2072 94.9758
v -54.8724 6.48372 57.4124
v -46.5124 13.2072 65.7799
v -72.945 -9.99798 59.6027
v 43.7194 -5.77798 166.094
v 15.4537 -9.99798 -2.86589
v 47.8337 -5.77798 23.0095
v 34.0292 -11.1113 89.4113
v 41.5847 2.4818 98.3234
v 29.0258 -11.11 88.5375
v 37.938 1.96443 89.6352
v 5.53769 -11.1017 96.901
v 22.8238 -1.3497 97.9986
v -13.2132 -11.1007 110.838
v 4.90088 -1.77217 112.295
v 4.6717 -11.1007 97.8676
v 6.04837 -1.77217 111.963
v 21.9637 -11.1019 83.5169
v 23.3403 -1.27122 97.6118
v 20.8926 9.33074 81.5812
v 32.5985 13.3988 87.3789
v -13.1603 10.4678 94.3285
v -7.55417 16.4261 98.4277
v -53.173 -4.71458 148.696
v -30.0996 15.1346 162.112
v -104.449 0.405734 83.7187
v -101.068 10.1578 92.0669
v 22.5605 -4.31336 -33.3497
v 24.8606 1.79346 -25.1053
v 21.1522 -4.30155 -33.5154
v 23.4523 -2.942 -23.9012
v -24.1067 13.5523 45.9164
v -15.4968 22.4141 53.3326
v 27.6022 2.86913 -22.2238
v 30.9699 44.7627 3.00553
v 27.213 1.6285 43.9771
v 33.1659 6.04216 52.8048
v -33.391 4.04096 91.3694
v -28.038 9.14003 97.1471
v -31.5886 5.11797 91.2863
v -27.715 9.15013 95.3488
v -23.4494 15.3902 64
v -15.4904 35.2394 71.8409
v -17.6029 15.3902 57.8
v -9.64392 35.2394 65.6409
v -116.589 13.148 123.117
v -102.855 32.6011 133.988
v -91.4687 13.1619 107.683
v -81.9104 32.615 116.891
v -134.103 13.1577 97.4055
v -125.815 32.6108 102.238
v -138.579 13.1577 112.825
v -130.29 32.6108 117.658
v -126.46 14.7417 120.287
v -124.133 34.5908 122.657
v -118.735 14.7417 122.529
v -116.408 34.5908 124.899
v -103.354 14.7417 126.993
v -101.027 34.5908 129.363
v -96.9832 14.7417 105.042
v -94.6562 34.5908 107.412
v -104.669 14.7417 102.811
v -102.342 34.5908 105.182
v -112.371 14.7417 100.576
v -110.044 34.5908 102.946
v -120.043 14.7417 98.3494
v -117.716 34.5908 100.72
v -29.0155 -10.2507 112.15
v -15.9189 12.0511 129.553
v -32.862 -9.96662 113.861
v -26.9332 12.6517 130.127
v -37.3365 4.78535 108.892
v -30.4341 10.3661 118.398
v -30.1527 -10.0559 115.934
v -21.5203 7.13675 129.576
v -37.5501 -7.14301 116.017
v -30.3623 7.10643 126.835
v -35.6845 -7.13257 119.356
v -30.9958 2.92078 127.08
v -34.6246 -7.12547 121.528
v -30.9929 0.0736066 127.453
v -36.6962 5.12305 113.944
v -29.5466 12.288 120.774
v -37.116 -4.08154 118.201
v -30.1212 2.5653 127.132
v -28.807 0.716448 115.293
v -23.7757 7.36329 123.703
v -31.5787 4.65876 113.038
v -25.3564 11.4509 121.715
v -30.8014 7.31241 111.495
v -23.8901 14.1046 120.124
v -24.7373 6.13156 103.336
v -17.6718 11.9608 109.386
v -26.5558 6.13156 100.934
v -20.6259 11.9608 107.822
v -28.8715 6.13156 100.821
v -23.6621 11.9608 107.33
v -32.5844 6.00829 101.239
v -27.4824 11.8375 107.674
v -24.8936 6.13156 102.673
v -19.4609 11.9608 108.21
v -23.4045 5.41402 105.326
v -17.8205 10.3631 109.416
v -28.8918 5.613 90.0031
v -25.1228 9.02851 93.8602
v -28.8494 6.02605 89.9448
v -25.1108 8.18068 93.7564
v -29.6398 5.74782 88.4891
v -25.7385 9.77944 91.9986
v -35.9888 4.0667 81.3242
v -28.4425 8.62691 88.4936
v -37.174 2.35183 79.7346
v -31.5602 6.67538 85.3215
v -31.1105 5.25687 84.9552
v -28.1861 9.28848 88.5727
v -33.8711 5.36269 86.3107
v -30.1831 9.39431 89.3575
v -32.2619 6.02146 89.4245
v -28.6539 10.0531 93.3534
v -36.7235 3.77211 113.871
v -30.0885 11.1626 117.928
v -36.805 -1.88645 115.889
v -31.2755 5.26342 121.287
v -36.9455 4.65934 83.8463
v -32.5331 8.76216 87.8225
v -32.8493 4.77939 80.741
v -30.2725 7.42445 83.126
v -37.2517 -0.380689 109.354
v -31.7837 5.96624 118.369
v -36.5564 4.66614 84.3876
v -32.6013 8.21174 88.2146
v -27.0867 15.0399 68.732
v -20.1856 17.7668 75.6197
v 7.37421 17.5121 74.5671
v 34.7911 57.4976 82.815
v -26.2519 16.0708 65.5167
v -17.919 19.9303 73.8435
v -22.4103 13.5113 73.0143
v -17.8812 17.6054 76.9933
v -134.876 -18.1425 84.5136
v -76.3755 -13.9225 148.173
v 16.3629 2.43101 44.2257
v 22.0169 5.06537 48.5389
v 13.6268 -1.63615 44.646
v 21.4681 3.08635 50.5296
v 11.863 2.41532 46.4052
v 17.4363 4.80702 50.5521
v 11.1179 1.16888 49.7185
v 13.4552 5.43779 51.2145
v 12.7097 1.16887 48.7197
v 17.4072 5.43779 51.2136
v -63.2817 4.83119 66.6831
v -53.3627 17.0261 77.3303
v -55.1665 4.88244 69.2585
v -49.6555 11.1656 75.3334
v -56.2398 4.84037 61.8015
v -47.3671 14.7946 69.9149
v -51.0795 4.84376 67.6784
v -46.8746 8.97536 71.3307
v -76.3597 4.83478 79.4787
v -65.4394 17.0354 90.346
v -81.7212 4.93581 87.3672
v -72.9691 15.1642 95.8835
v -74.5062 4.82676 88.1621
v -67.5892 12.3484 94.1427
v -26.9993 15.9222 -33.8526
v -16.0352 57.8158 -27.5537
v -26.9993 11.8836 -42.2474
v -16.0352 25.7735 -28.2048
v -28.5375 14.8861 -32.8221
v -16.0293 56.7798 -21.4201
v -43.4325 3.29154 -9.22273
v -32.4685 30.8541 18.3421
v 26.1456 4.94508 43.8747
v 32.8006 9.86144 54.3836
v 16.83 5.37641 48.1328
v 20.501 10.2928 55.5063
v 19.5 5.37641 53.0509
v 24.1687 10.2928 55.5922
v 23.2489 5.37641 53.5591
v 27.1382 10.2928 61.4554
v 26.4387 5.37641 60.9841
v 27.1831 10.2928 61.8067
v -5.94717 8.54039 -35.9962
v 3.87939 26.3747 -26.0577
v 30.7632 9.64691 65.0381
v 36.9122 13.826 67.1436
v -8.98955 6.88151 94.2685
v -2.59126 13.2365 107.656
v -10.5219 6.34411 95.3962
v -2.2997 7.65523 96.654
v -14.4296 6.3441 105.253
v -2.2154 7.66717 106.541
v -12.6442 6.77566 104.506
v -3.61676 8.8714 106.642
v -12.4461 6.69973 95.331
v -3.41567 8.85019 97.5215
v -13.943 6.88151 94.3434
v -7.54469 13.2365 107.731
v -4.6218 3.68694 -27.0373
v -1.79838 8.34513 -17.7188
v -3.19354 7.16096 -27.0373
v 0.625434 11.4943 -17.7188
v -0.641885 10.2498 -27.0389
v 3.48179 14.4321 -17.0647
v 7.24058 3.75472 -22.9804
v 10.3195 9.09163 -17.6819
v 4.75318 7.65233 -26.9904
v 8.72918 12.0655 -17.6719
v 1.89021 10.8121 -28.8294
v 6.05679 15.0681 -17.0208
v -65.1502 5.20301 67.9244
v -55.0813 17.791 78.2663
v -75.0192 5.42042 78.2666
v -64.9503 18.0084 88.6086
v -65.3086 10.1401 73.3835
v -61.2032 17.0775 79.4266
v -69.4236 9.93188 77.6249
v -62.8874 17.1004 81.7481
v 23.6496 2.66125 -32.1606
v 25.2394 5.35987 -21.1965
v -51.4541 4.58033 69.8415
v -47.7236 8.76912 74.2466
v 28.053 -9.20553 -22.2766
v 45.3024 32.6881 2.95274
v -43.5867 -0.330761 96.9824
v -41.8437 4.40037 100.151
v -44.4645 3.84755 98.5755
v -42.4239 4.39161 100.317
v -87.0475 5.8851 138.156
v -57.3262 12.596 152.439
v -59.0969 8.0409 145.186
v -57.1281 9.77343 147.69
v -59.0554 -1.98855 91.6221
v -56.9896 4.39032 93.2523
v -43.7002 -0.349275 97.9235
v -41.7179 4.41335 99.8071
v 32.2654 5.39147 85.7876
v 38.4628 11.5306 100.402
v 19.8811 -14.0187 88.5375
v 34.7224 1.80778 89.6352
v -78.4568 -0.353427 160.906
v -75.5723 0.841254 162.91
v -74.0974 0.879995 114.126
v -68.4985 9.12 124.113
v -74.2072 5.8925 114.067
v -68.6083 9.1075 124.053
v -80.2641 5.64 105.498
v -65.7336 6.11 124.07
v -76.5734 5.8825 116.759
v -75.615 13.1175 118.191
v -13.178 -5.16632 -0.698096
v 19.178 2.73933 24.1395
v -13.2372 -5.11002 -0.760029
v 19.2372 2.75568 24.11
v -18.178 -0.110001 23.89
v 25.11 2.11021 97.11
v -14.11 -0.21 23.89
v 16.8438 2.11 94.6762
v -0.718653 -0.2 38.2813
v 6.71865 0.12 45.7187
v -0.210828 -0.0999997 38.7892
v 6.21082 0.12 45.2108
v -5.02437 0.9066 59.9325
v 11.0244 2.12099 70.9902
v -4.61 -0.110003 4.84139
v 10.61 0.110007 24.11
v -4.91664 -0.21 7.71302
v 10.9166 0.110003 24.11
v -5.44216 -0.185 37.8549
v 11.4422 2.02721 71.408
v -13.3194 -0.21 8.36558
v 16.3091 2.01221 94.1845
v -4.40656 1.7821 62.6302
v 10.4065 2.11 70.3863
v -42.9503 -0.196174 27.0196
v 5.22779 23.932 75.1977
v -42.4564 -0.141033 27.8746
v 4.88535 23.8952 75.2163
v -17.4697 0.614964 43.0764
v -0.231189 1.82989 60.3148
v -16.4373 12.2699 50.1542
v -7.22333 18.4831 59.3681
v -16.2893 12.3941 50.043
v -7.11813 18.4668 59.2102
v 8.99669 -0.276447 40.5493
v 39.1413 17.3959 72.7962
v 8.64624 -0.11 40.7563
v 39.0849 17.3769 73.3622
v 21.0055 13.8825 75.1718
v 28.1243 17.2321 82.2906
v 21.5982 5.79244 63.5277
v 40.4855 18.0815 86.1134
v 20.4492 -7.86716 66.7542
v 40.4855 6.52587 86.1222
v 20.2631 16.6922 74.4317
v 28.8617 17.3104 83.0303
v 26.5501 7.51007 85.6336
v 29.6983 9.25146 85.8759
v 20.2874 -1.123 66.8837
v 24.6382 7.29117 85.8983
v 23.8638 5.828 65.6684
v 32.1368 6.11001 71.8468
v 21.0205 9.63884 66.4721
v 40.8342 18.6816 87.4321
v 30.8143 10.4767 66.2572
v 41.0764 18.5073 87.5735
v 33.5978 10.5356 64.3916
v 36.4942 18.9316 87.1655
v 20.8307 -7.86716 65.246
v 40.811 18.1404 88.2399
v 19.9039 17.3235 74.0729
v 29.2199 23.7367 83.3889
v 20.5069 6.84196 74.6548
v 28.528 17.3455 82.8083
v 20.9369 6.89645 75.1425
v 22.3753 13.4864 82.3669
v 20.0454 17.1623 74.2145
v 29.0782 23.5284 83.2473
v 19.8729 16.7186 74.0405
v 29.258 17.7033 83.4264
v 21.0997 15.068 75.2831
v 25.886 16.7658 82.1952
v 19.8245 -1.10999 63.472
v 41.3109 24.0907 87.7207
v 20.8307 -7.86716 65.246
v 40.811 18.1404 88.2399
v -4.62233 0.89 62.2253
v 10.6006 5.78033 67.8306
v -4.89078 4.74212 61.9563
v 10.869 5.92758 67.9638
v -0.775066 5.60258 67.3741
v 6.75329 6.28959 68.2836
v -0.120885 1.84 62.4173
v 6.09911 2.36583 63.2563
v -1.63085 5.59118 62.4173
v 7.64811 6.32285 63.2563
v 0.142706 4.40831 67.6113
v 5.83552 5.82926 68.0623
v -0.966349 5.8322 62.2118
v 6.94458 9.86414 68.6117
v -0.523532 7.61422 67.3188
v 6.50176 8.56791 68.3136
v -0.599085 1.89 67.2801
v 6.54583 7.89735 68.3935
v -0.523532 5.45328 62.3599
v 6.50176 6.40697 63.354
v -0.120887 1.89 62.6018
v 6.09911 5.84585 63.0718
v -4.76878 0.758384 60.4462
v 10.747 10.3007 69.0169
v 6.41549 4.87599 62.1528
v 10.6725 5.89626 67.6745
v -0.120886 6.00462 67.6018
v 6.09911 8.09795 68.0718
v -1.47214 7.66741 67.4173
v 7.41134 8.64764 68.2563
v -0.966349 5.96193 62.9446
v 6.94458 8.50241 67.8895
v -4.31323 1.89 62.5502
v 0.099114 4.91267 67.4468
v -4.62278 1.76595 62.2243
v -0.177958 5.29439 67.6688
v 6.48892 5.60878 61.8987
v 7.46657 10.2501 69.0105
v -1.48834 5.60878 61.8987
v -0.510695 10.2501 69.0105
v -1.33835 6.68269 67.6113
v 7.31657 8.10365 68.0623
v -4.6328 1.24536 62.17
v 10.6328 2.52845 68.4869
v -4.69427 4.87599 62.1528
v -0.437263 5.89626 67.6745
v -4.32826 5.31222 62.443
v 10.3065 6.06932 67.7469
v -0.958687 8.32312 67.972
v 6.97218 9.00882 68.6756
v -1.00198 5.95593 62.0037
v 6.92889 6.69557 62.7775
v -0.985355 9.12245 67.7022
v 6.94551 9.94056 68.4418
v -2.18776 1.06734 60.4465
v 8.18775 1.82952 63.1158
v 6.18355 1.80257 62.2243
v 10.601 5.29439 67.6688
v 5.87911 1.89 62.5502
v 10.2915 4.91267 67.4468
v -4.35159 0.889999 62.4955
v 10.3298 2.08389 67.6686
v -1.81062 1.39 60.8331
v 7.81061 1.61 63.1311
v -1.51765 5.95559 62.2514
v 7.50834 9.68916 68.6085
v -12.9135 3.39 96.3145
v -3.62574 12.1375 105.602
v -12.6616 -1.11 96.5663
v -3.87762 3.11 105.35
v -13.3807 7.22805 95.7396
v -3.15856 12.5308 106.177
v -9.64529 3.73247 96.1399
v -3.45122 6.25649 105.751
v -13.4937 7.04644 94.3029
v -3.04558 13.1578 107.614
v -14.2951 2.73109 95.4226
v -2.24418 7.5878 106.494
v -12.3284 1.89 96.3877
v -4.27588 2.50037 96.9043
v -8.76188 12.2583 94.4617
v -7.77731 13.541 107.464
v -13.2448 7.42171 94.5416
v -3.29446 13.3815 107.375
v -13.0781 -1.11 96.1499
v -3.46119 7.98277 105.767
v -11.045 1.72765 95.9085
v -9.74247 9.59119 96.6367
v -6.9722 4.72717 95.3236
v -2.81997 7.88562 106.542
v -3.92995 6.3254 97.2052
v -3.29006 6.83161 104.956
v -1.79815 -1.26208 79.0277
v 12.8969 10.2934 93.7275
v -2.03565 -1.11001 78.6003
v 13.0468 10.2835 93.7568
v 0.233256 6.33833 78.5155
v 6.32039 7.61226 81.108
v 0.154467 6.33833 78.5155
v 6.2956 7.61174 81.108
v 11.5724 -0.11 31.639
v 34.8525 14.7751 54.9921
v 11.9332 -0.162489 31.717
v 34.6602 14.6521 54.7134
v -22.1611 1.89 64.5322
v -10.5837 16.6587 80.1711
v -21.9602 1.88029 63.8279
v -10.5294 16.704 80.1771
v -4.93347 -6.11 -50.2092
v 25.6039 15.032 -17.2818
v -4.38229 -0.435428 -50.2092
v 25.4902 14.4168 -17.2818
v -4.93347 -6.11 -50.2092
v 25.4902 14.1568 -17.979
v -13.8736 -6.11 82.5283
v 34.4363 3.14598 112.974
v -13.9449 -6.11 82.5283
v 34.4368 3.09893 113.046
v 0.0870272 -4.11 -9.88091
v 5.91297 -1.69 -4.08195
v 0.297257 -3.66 -9.68417
v 5.70274 -1.74 -4.27869
v 0.0870272 -4.11 -9.8944
v 5.91297 -1.69 -4.06846
v -33.11 -2.11 0.887494
v -32.64 1.61 6.11249
v -32.86 -2.11 -0.356838
v -32.2589 1.61 2.35683
v -32.86 -2.11 -0.356838
v -32.2589 1.61 2.35683
v -33.11 -2.11 -4.11001
v -28.89 1.61 -3.64001
v -29.12 -4.11 -4.11001
v -20.88 1.61 -3.64001
v -29.13 -4.11 5.63999
v -16.87 1.61 6.10999
v -33.11 -2.11 5.63999
v -28.89 1.61 6.10999
v -21.11 -4.11 -4.11
v -16.89 1.61 -3.64
v -29.5522 -4.11 -3.86001
v -28.4478 1.62077 -3.2589
v -30.6257 -4.11 -3.86001
v -27.3743 1.62077 -3.2589
v -21.5522 -4.11 -3.86
v -20.4478 1.62077 -3.2589
v -22.6257 -4.11 -3.86
v -19.3743 1.62077 -3.2589
v -21.5522 -4.11 5.25889
v -20.4478 1.62077 5.85999
v -22.6257 -4.11 5.25889
v -19.3743 1.62077 5.85999
v 12.89 -4.11 24.88
v 13.36 -0.39 33.12
v 16.89 -0.11 25.1362
v 17.36 5.61 30.8638
v 16.0574 -0.11 39.8807
v 19.2909 5.61 43.1141
v 13.0162 -4.11 32.2589
v 15.7299 -0.39 32.86
v 13.0162 -4.11 32.2589
v 15.7299 -0.39 32.86
v -25.12 -4.36 -4.12501
v -16.88 -3.89 6.125
v -29.11 -4.36 -3.86625
v -24.89 -3.89 2.86625
v -33.11 -2.36 -4.125
v -28.89 -1.89 6.12499
v 18.89 -5.11 2.89
v 23.11 -3.89 5.44333
v 18.89 -5.11 2.89
v 23.11 -3.89 5.11
v 0.89 -5.11 0.89
v 5.11 -3.89 3.44333
v 0.89 -5.11 0.89
v 5.11 -3.89 3.11
v -32.825 -2.11 5.50168
v -29.1919 1.26241 6.49831
v -20.8081 -4.11 -4.49831
v -17.175 -0.737591 -3.50169
v 16.175 -4.11 -21.4983
v 19.8081 -0.737592 -20.5017
v -19.11 -5.11 5.8925
v -16.5567 -3.89 9.1075
v -19.11 -5.11 5.8925
v -16.89 -3.89 9.1075
v -21.11 -4.11 5.8925
v -18.5567 -2.89 9.1075
v -21.11 -4.11 5.8925
v -18.89 -2.89 9.1075
v -23.11 -3.11 5.8925
v -20.5567 -1.89 9.1075
v -23.11 -3.11 5.8925
v -20.89 -1.89 9.1075
v -13.4433 -2.11 18.8875
v -10.89 -0.89 24.1125
v -13.11 -2.11 18.8875
v -10.89 -0.89 24.1125
v -11.4433 -1.11 18.8875
v -8.89 0.11 24.1125
v -11.11 -1.11 18.8875
v -8.89 0.11 24.1125
v 15.9844 -0.11 39.9844
v 19.1753 3.26241 43.1753
v 15.1919 -4.11 24.5017
v 18.825 -0.737592 25.4983
v -15.3228 1.79 78.8732
v -8.9517 24.116 99.0905
v -15.3905 1.60156 78.724
v -8.76039 24.5288 99.3017
v -9.11 -0.36 18.8875
v -4.89 0.11 24.1125
v -19.115 -2.36 18.8875
v -12.885 -1.89 24.1125
v -33.125 -2.36 5.87375
v -22.875 -1.89 16.6262
v -23.11 -5.11 8.89
v -4.89 0.11 19.11
v 24.8632 1.89001 65.6407
v 25.562 5.61001 66.3395
v 25.0085 1.49633 63.9513
v 30.2491 2.19139 66.6381
v 29.284 1.89002 63.6838
v 30.1318 5.61002 64.5317
v 23.2433 5.89003 53.2035
v 24.0911 9.61003 54.0514
v 33.4119 5.89002 61.9557
v 34.2597 9.61002 62.8035
v 30.3591 1.89003 65.5842
v 31.1808 5.61003 66.4059
v 19.8629 5.89003 54.7201
v 20.501 9.61003 55.2918
v 16.8932 5.89003 47.994
v 17.5127 9.61003 48.7462
v 27.2071 5.89002 71.183
v 30.8447 9.26242 72.0063
v 30.2958 1.89001 85.165
v 33.9349 5.26242 86.1874
v -11.6112 1.89003 60.5638
v -8.42027 5.26244 63.7547
v -44.0751 -6.83745 11.9249
v 49.3061 40.4462 44.0751
v -44.291 -6.83745 11.4939
v 50.506 42.453 44.5061
v -10.0674 -1.11 104.447
v -6.42836 2.26241 105.47
v -4.78092 -1.11 99.1171
v -3.75843 2.26241 102.756
v -24.0394 -4.11006 -8.84974
v -22.7557 1.19066 -5.15026
v -14.5718 -3.92705 -33.1708
v -10.4282 2.76643 -32.8292
v -16.61 -4.11 -33.8281
v -8.38998 5.90161 -32.1719
v -24.11 -4.11 -33.11
v -2.89 6.11 -3.89
v -24.2495 -4.11 -33.7495
v -3.88999 3.28922 -3.89
v -24.3142 -4.11 -9.219
v -22.6858 1.71953 -4.781
v -14.9373 -4.11007 -33.5394
v -10.0627 2.90656 -32.2557
v -23.6708 -3.95647 -8.57004
v -23.3292 1.10784 -5.42996
