v -19.2352 8.80877 118.46
v -18.8547 9.57551 119.449
v -19.761 8.80877 118.46
v -19.3804 9.57551 119.449
v -19.1989 9.31588 118.611
v -18.8883 10.1649 119.569
v -19.5214 9.4245 118.987
v -19.0943 10.291 119.899
v -19.7273 9.31588 118.611
v -19.4168 10.1649 119.569
v -20.0154 8.63631 118.297
v -18.6156 10.0441 120.072
v -19.4171 9.13085 119.4
v -19.1971 9.35085 119.62
v -19.2352 8.80877 118.46
v -18.8547 9.57551 119.449
v -19.761 8.80877 118.46
v -19.3804 9.57551 119.449
v -19.1989 9.31588 118.611
v -18.8883 10.1649 119.569
v -19.5214 9.4245 118.987
v -19.0943 10.291 119.899
v -19.7273 9.31588 118.611
v -19.4168 10.1649 119.569
v -20.0154 8.63631 118.297
v -18.6156 10.0441 120.072
v -19.4171 9.13085 119.4
v -19.1971 9.35085 119.62
v -19.2352 8.80877 118.46
v -18.8547 9.57551 119.449
v -19.761 8.80877 118.46
v -19.3804 9.57551 119.449
v -19.1989 9.31588 118.611
v -18.8883 10.1649 119.569
v -19.5214 9.4245 118.987
v -19.0943 10.291 119.899
v -19.7273 9.31588 118.611
v -19.4168 10.1649 119.569
v -20.0154 8.63631 118.297
v -18.6156 10.0441 120.072
v -19.4171 9.13085 119.4
v -19.1971 9.35085 119.62
v -19.2352 8.80877 118.46
v -18.8547 9.57551 119.449
v -19.761 8.80877 118.46
v -19.3804 9.57551 119.449
v -19.1989 9.31588 118.611
v -18.8883 10.1649 119.569
v -19.5214 9.4245 118.987
v -19.0943 10.291 119.899
v -19.7273 9.31588 118.611
v -19.4168 10.1649 119.569
v -20.0154 8.63631 118.297
v -18.6156 10.0441 120.072
v -19.4171 9.13085 119.4
v -19.1971 9.35085 119.62
v -19.2352 8.80877 118.46
v -18.8547 9.57551 119.449
v -19.761 8.80877 118.46
v -19.3804 9.57551 119.449
v -19.1989 9.31588 118.611
v -18.8883 10.1649 119.569
v -19.5214 9.4245 118.987
v -19.0943 10.291 119.899
v -19.7273 9.31588 118.611
v -19.4168 10.1649 119.569
v -20.0154 8.63631 118.297
v -18.6156 10.0441 120.072
v -19.4171 9.13085 119.4
v -19.1971 9.35085 119.62
v -36.8007 8.00859 118.621
v -36.062 8.76625 119.446
v -36.3235 8.0671 118.972
v -35.6405 8.80577 119.848
v -36.6607 8.47545 118.527
v -35.9635 9.35682 119.265
v -36.2701 8.57371 118.356
v -35.5105 9.47372 119.13
v -36.3215 8.51681 118.831
v -35.5839 9.39738 119.547
v -36.7197 7.78815 118.199
v -35.2753 9.20863 119.747
v -35.9606 8.29729 118.672
v -35.7406 8.51729 118.892
v -33.4949 4.52539 122.908
v -32.8134 5.25015 123.796
v -32.949 4.45193 123.174
v -32.3228 5.20088 124.101
v -33.1681 4.94465 122.813
v -32.6892 5.84177 123.67
v -32.8149 4.98021 122.597
v -32.2246 5.89624 123.456
v -32.7832 4.89274 123.043
v -32.2464 5.79084 123.884
v -33.2678 4.20151 122.396
v -31.9691 5.61996 124.099
v -32.7236 4.7127 122.893
v -32.5036 4.9327 123.113
v -18.9822 10.4587 105.885
v -17.957 11.1879 106.31
v -19.0994 10.4587 105.29
v -18.0934 11.1879 105.785
v -19.138 10.8647 105.898
v -18.2755 11.7837 106.328
v -19.545 10.9184 105.725
v -18.6901 11.848 106.21
v -19.2396 10.8647 105.444
v -18.3701 11.7837 105.81
v -19.6962 10.1599 105.243
v -17.9265 11.5578 106.603
v -19.198 10.6499 105.825
v -18.978 10.8699 106.045
v -26.3331 8.44134 120.058
v -25.946 9.20808 121.049
v -25.8016 8.44134 120.022
v -25.3909 9.20808 121.007
v -26.3118 8.94845 119.936
v -25.9604 9.79748 120.891
v -26.1286 9.05707 119.59
v -25.6879 9.92354 120.502
v -25.7712 8.94845 119.904
v -25.4654 9.79748 120.862
v -26.5885 8.26887 119.411
v -25.1947 9.67663 121.194
v -26.0123 8.76342 119.87
v -25.7923 8.98342 120.09
v -19.4171 9.13085 119.4
v -19.1971 9.35085 119.62
v -20.0154 8.63631 118.297
v -18.6156 10.0441 120.072
v -19.7273 9.31588 118.611
v -19.4168 10.1649 119.569
v -19.5214 9.4245 118.987
v -19.0943 10.291 119.899
v -19.1989 9.31588 118.611
v -18.8883 10.1649 119.569
v -19.761 8.80877 118.46
v -19.3804 9.57551 119.449
v -19.2352 8.80877 118.46
v -18.8547 9.57551 119.449
