v 32.0852 3.88999 -121.437
v 33.1 4.15999 -120.423
v 52.5037 -1.13181 -81.0109
v 53.6238 -0.861812 -79.8919
v 29.6524 -9.53468 -92.2119
v 30.1671 -8.95864 -91.7184
v 46.7182 -10.11 -92.0014
v 47.8474 -9.21244 -90.842
v 2.09028 -0.414429 -153.004
v 2.59741 0.161603 -152.522
v 105.912 -0.11 -12.0283
v 106.821 1.16195 -11.1266
v 85.8806 -3.10433 6.36859
v 86.3806 -1.77433 6.86859
v 85.9318 -1.99919 6.41922
v 86.3304 -1.5885 6.82026
v 10.2011 6.94311 -151.292
v 10.8261 7.27816 -150.675
v 11.3829 6.74451 -151.666
v 11.8942 6.98376 -151.073
v 11.3312 6.74304 -152.049
v 11.8832 6.9833 -151.42
v 11.2331 6.74597 -151.951
v 11.8848 6.98574 -151.306
v 11.7726 6.75235 -151.786
v 12.1875 6.98202 -151.407
v 10.9802 6.80289 -151.603
v 11.4464 7.03468 -151.175
v 11.7486 6.80381 -151.426
v 12.1271 7.03348 -151.011
v 11.3438 6.80668 -151.824
v 11.7656 7.03635 -151.434
v 11.7579 6.74451 -151.876
v 12.4003 6.98376 -151.263
v 11.7399 6.80654 -151.837
v 12.2189 7.03833 -151.368
v 11.9345 6.72901 -155.86
v 12.3836 7.1625 -155.402
v 6.30504 6.78254 -130.952
v 6.81636 7.0218 -130.359
v 6.25332 6.78107 -131.334
v 6.80533 7.02133 -130.706
v 6.15525 6.784 -131.237
v 6.80701 7.02377 -130.591
v 6.69481 6.79039 -131.071
v 7.10966 7.02005 -130.693
v 5.90239 6.785 -130.889
v 6.36852 7.01679 -130.46
v 6.6708 6.88186 -130.712
v 7.04925 7.11153 -130.297
v 6.26596 6.78879 -131.11
v 6.68779 7.01846 -130.719
v 6.68006 6.78254 -131.162
v 7.32244 7.0218 -130.549
v 62.362 0.8667 34.3719
v 62.862 2.1967 34.8719
v 62.4055 1.97183 34.4268
v 62.8197 2.38253 34.8139
v 35.2534 -11.1019 -94.4205
v 36.4082 -10.2044 -93.2987
v 11.9037 6.75376 -152.303
v 12.4043 7.32979 -151.803
v 30.1827 -10.1196 -91.767
v 30.6702 -9.54359 -91.2613
v -2.2158 0.741627 -169.235
v -1.06194 1.21414 -168.081
v -0.394104 -5.11187 -65.8253
v 0.105896 -3.78187 -65.3253
v -0.340082 -4.00673 -65.7782
v 0.0544544 -3.59604 -65.373
v 108.839 -0.11 -9.40779
v 109.865 1.16195 -8.38346
v 53.2434 -1.13181 -79.7678
v 54.3082 -0.861811 -78.7042
v 30.993 -8.88241 -90.7278
v 31.4745 -8.30638 -90.2206
v 43.7954 -4.11825 -144.216
v 44.5501 -3.87258 -143.544
v 43.3072 -4.12021 -144.441
v 44.1207 -3.8732 -143.653
v 43.4229 -4.1163 -144.286
v 44.2071 -3.86994 -143.572
v 43.8448 -4.10779 -144.672
v 44.3359 -3.8749 -144.169
v 43.6826 -4.11497 -143.638
v 44.1388 -3.87925 -143.115
v 44.2719 -4.11375 -144.403
v 44.7751 -3.88086 -143.912
v 43.6053 -4.10992 -144.158
v 44.0189 -3.87703 -143.69
v 43.7864 -4.11825 -144.898
v 44.5698 -3.87258 -144.152
v 43.8433 -4.11011 -144.692
v 44.3224 -3.87439 -144.154
v 29.9627 -10.3519 -92.6392
v 30.4755 -9.77582 -92.1443
v -19.0611 -2.13181 -106.494
v -17.7181 -1.86181 -105.151
v 12.5115 6.72301 -155.516
v 12.9457 7.17929 -155.065
v -16.1241 -2.13181 -100.337
v -15.1093 -1.86181 -99.3238
v -14.6562 -2.13181 -102.573
v -13.3984 -1.86181 -101.316
v 45.7823 -2.60181 -147.081
v 46.1563 -2.18881 -146.159
v 45.7443 -2.76085 -147.103
v 46.1943 -2.22085 -146.653
v 45.7713 -2.79969 -147.041
v 46.1673 -2.3817 -146.306
v 45.4401 -2.93923 -146.524
v 46.6012 -2.07907 -145.976
v 29.823 -8.88402 -92.0063
v 30.2484 -8.34604 -91.581
v -15.9015 1.18526 -153.049
v -15.1403 1.48158 -152.288
v -16.1616 1.09061 -152.981
v -15.4896 1.51553 -152.346
v -16.2607 0.740899 -153.05
v -15.5651 1.41598 -152.354
v 51.9591 -8.08447 -31.2279
v 53.0328 -7.1635 -30.1809
v 52.097 -8.05971 -30.5667
v 52.435 -7.72171 -30.2287
v 52.4976 -8.05971 -30.5421
v 52.8356 -7.72171 -30.2041
v 52.649 -8.05971 -30.9073
v 52.987 -7.72171 -30.5693
v 52.3303 -8.05971 -31.1884
v 52.6683 -7.72171 -30.8504
v 51.989 -8.05971 -30.9618
v 52.327 -7.72171 -30.6238
v 29.3663 -9.49701 -121.119
v 29.9291 -8.94501 -120.367
v 29.336 -9.49701 -120.556
v 29.8987 -8.94501 -119.804
v 29.0752 -11.1716 -120.581
v 30.1328 -7.37949 -119.284
v 29.132 -11.1716 -121.635
v 30.1896 -7.37949 -120.339
v 40.1945 6.44138 -32.005
v 41.7143 6.71138 -30.4852
v 39.6727 6.3935 -32.7461
v 41.2009 6.6635 -31.218
v 37.1273 6.4403 -31.2027
v 38.6424 6.7103 -29.6875
v 36.9712 6.44211 -32.8214
v 38.5003 6.76545 -31.2924
v 37.6764 6.4403 -32.1412
v 39.1894 6.71031 -30.6282
v 38.5826 6.4403 -31.207
v 40.1108 6.71031 -29.6788
v 38.3923 6.44015 -33.9236
v 39.9071 6.71015 -32.4088
v 38.9656 6.39349 -33.4532
v 40.4938 6.6635 -31.9251
v 39.6727 6.39349 -31.3319
v 41.2009 6.6635 -29.8038
v 38.2585 6.39349 -32.7461
v 39.7867 6.6635 -31.218
v 37.5514 6.39349 -33.4532
v 39.0796 6.66349 -31.9251
v 38.9656 6.39349 -30.6248
v 40.4938 6.66349 -29.0967
v 38.2585 6.39349 -29.9177
v 39.7867 6.66349 -28.3896
v 37.5514 6.39349 -30.6248
v 39.0796 6.66349 -29.0967
v 36.1372 6.39349 -32.039
v 37.6653 6.66349 -30.5109
v -18.3639 -0.167247 -157.589
v -17.2902 0.753718 -156.542
v -18.226 -0.142489 -156.928
v -17.888 0.195511 -156.59
v -17.8254 -0.142489 -156.903
v -17.4874 0.195511 -156.565
v -17.674 -0.142489 -157.268
v -17.336 0.195511 -156.93
v -17.9927 -0.142489 -157.549
v -17.6547 0.195511 -157.211
v -18.3339 -0.142489 -157.323
v -17.9959 0.195511 -156.985
v -2.00743 1.20563 -144.002
v -1.18607 1.50194 -143.599
v -1.98082 1.11097 -143.941
v -1.62188 1.53589 -143.206
v -2.144 0.761264 -143.878
v -1.66276 1.43634 -143.182
v -4.23176 -0.164412 -147.856
v -3.17258 0.756554 -146.785
v -3.99067 -0.139653 -147.149
v -3.65267 0.198347 -146.811
v -3.59765 -0.139653 -147.23
v -3.25965 0.198347 -146.892
v -3.54729 -0.139653 -147.623
v -3.20929 0.198347 -147.285
v -3.92853 -0.139653 -147.81
v -3.59053 0.198347 -147.472
v -4.19843 -0.139653 -147.502
v -3.86043 0.198347 -147.164
v -12.9527 -2.13181 -102.628
v -11.9393 -1.86181 -101.614
v -18.2984 -2.13181 -95.6943
v -16.9555 -1.86181 -94.3513
v -13.9479 -2.13181 -100.487
v -12.6908 -1.86181 -99.2293
v -19.1192 -2.13181 -92.4317
v -17.862 -1.86181 -91.1739
v -18.6972 0.604003 -92.4888
v -17.6214 1.87712 -91.5577
v -25.5494 1.44139 -114.39
v -24.0296 1.71139 -112.87
v -26.2906 1.3935 -113.876
v -24.7624 1.6635 -112.348
v -24.7471 1.44031 -111.318
v -23.232 1.71031 -109.803
v -26.3658 1.44212 -111.176
v -24.8368 1.76546 -109.647
v -25.6857 1.44031 -111.865
v -24.1726 1.71031 -110.352
v -24.7514 1.44031 -112.786
v -23.2233 1.71031 -111.258
v -27.4681 1.44016 -112.583
v -25.9532 1.71016 -111.068
v -26.9977 1.3935 -113.169
v -25.4695 1.6635 -111.641
v -24.8764 1.3935 -113.876
v -23.3482 1.6635 -112.348
v -26.2906 1.3935 -112.462
v -24.7624 1.6635 -110.934
v -26.9977 1.3935 -111.755
v -25.4695 1.6635 -110.227
v -24.1693 1.3935 -113.169
v -22.6411 1.6635 -111.641
v -23.4622 1.3935 -112.462
v -21.934 1.6635 -110.934
v -24.1693 1.3935 -111.755
v -22.6411 1.6635 -110.227
v -25.5835 1.3935 -110.341
v -24.0553 1.6635 -108.813
v -22.721 1.44139 -111.561
v -21.2012 1.71139 -110.042
v -23.4622 1.3935 -111.048
v -21.934 1.6635 -109.52
v -21.9187 1.44031 -108.49
v -20.4035 1.71031 -106.974
v -23.5374 1.44212 -108.347
v -22.0084 1.76546 -106.818
v -22.8572 1.44031 -109.037
v -21.3442 1.71031 -107.524
v -21.923 1.44031 -109.958
v -20.3948 1.71031 -108.43
v -24.6397 1.44016 -109.754
v -23.1248 1.71016 -108.239
v -24.1693 1.3935 -110.341
v -22.6411 1.6635 -108.813
v -22.0479 1.3935 -111.048
v -20.5198 1.6635 -109.52
v -23.4622 1.3935 -109.634
v -21.934 1.6635 -108.106
v -24.1693 1.3935 -108.927
v -22.6411 1.6635 -107.399
v -21.3408 1.3935 -110.341
v -19.8127 1.6635 -108.813
v -20.6337 1.3935 -109.634
v -19.1056 1.6635 -108.106
v -21.3408 1.3935 -108.927
v -19.8127 1.6635 -107.399
v -22.755 1.3935 -107.513
v -21.2269 1.6635 -105.984
v -14.2357 1.44139 -100.248
v -12.7159 1.71139 -98.728
v -14.9769 1.39351 -99.7344
v -13.4487 1.66351 -98.2062
v -13.4334 1.44032 -97.1759
v -11.9183 1.71032 -95.6608
v -15.0521 1.44212 -97.0338
v -13.5231 1.76546 -95.5047
v -14.372 1.44032 -97.7229
v -12.8589 1.71032 -96.2099
v -13.4377 1.44032 -98.6443
v -11.9096 1.71032 -97.1161
v -16.1544 1.44016 -98.4406
v -14.6395 1.71016 -96.9257
v -15.684 1.39351 -99.0273
v -14.1558 1.66351 -97.4991
v -13.5627 1.39351 -99.7344
v -12.0345 1.66351 -98.2062
v -14.9769 1.39351 -98.3202
v -13.4487 1.66351 -96.792
v -15.684 1.39351 -97.6131
v -14.1558 1.66351 -96.0849
v -12.8556 1.39351 -99.0273
v -11.3274 1.66351 -97.4991
v -12.1484 1.39351 -98.3202
v -10.6203 1.66351 -96.792
v -12.8556 1.39351 -97.6131
v -11.3274 1.66351 -96.0849
v -14.2698 1.39351 -96.1988
v -12.7416 1.66351 -94.6707
v -15.1493 1.44139 -95.4552
v -13.6295 1.71139 -93.9354
v -15.671 1.39351 -96.1963
v -14.1429 1.66351 -94.6682
v -18.2165 1.44032 -94.6529
v -16.7013 1.71032 -93.1377
v -18.3726 1.44212 -96.2716
v -16.8435 1.76546 -94.7426
v -17.6674 1.44032 -95.5914
v -16.1544 1.71032 -94.0784
v -16.7611 1.44032 -94.6572
v -15.233 1.71032 -93.129
v -16.9515 1.44016 -97.3738
v -15.4367 1.71016 -95.859
v -16.3781 1.39351 -96.9035
v -14.85 1.66351 -95.3753
v -15.671 1.39351 -94.7821
v -14.1429 1.66351 -93.254
v -17.0852 1.39351 -96.1963
v -15.5571 1.66351 -94.6682
v -17.7923 1.39351 -96.9035
v -16.2642 1.66351 -95.3753
v -16.3781 1.39351 -94.075
v -14.85 1.66351 -92.5469
v -17.0852 1.39351 -93.3679
v -15.5571 1.66351 -91.8398
v -17.7923 1.39351 -94.075
v -16.2642 1.66351 -92.5469
v 46.2575 -1.0513 -5.57713
v 46.5395 -0.439304 -5.29513
v 46.2575 -0.682782 -5.57713
v 46.5395 0.0392182 -5.29513
v 46.2575 -0.22763 -5.57713
v 46.5395 0.49437 -5.29513
v 46.2575 0.247578 -5.57713
v 46.5395 0.969578 -5.29513
v 46.2575 0.714183 -5.57713
v 46.5395 1.43618 -5.29513
v 46.2575 1.19202 -5.57713
v 46.5395 1.91402 -5.29513
v 46.2575 1.6575 -5.57713
v 46.5395 2.3795 -5.29513
v 46.2575 2.12597 -5.57713
v 46.5395 2.84797 -5.29513
v 46.2575 2.58387 -5.57713
v 46.5395 3.30587 -5.29513
v 46.2575 3.06783 -5.57713
v 46.5395 3.78983 -5.29513
v 46.2575 3.52726 -5.57713
v 46.5395 4.23926 -5.29513
v 46.3746 1.16787 -5.64864
v 46.7346 1.95787 -5.28864
v 46.4136 1.67529 -5.60964
v 46.6956 2.38729 -5.32764
v 46.4136 2.14389 -5.60964
v 46.6956 2.85588 -5.32764
v 46.4136 2.61166 -5.60964
v 46.6956 3.32366 -5.32764
v 46.4136 3.08781 -5.60964
v 46.6956 3.79981 -5.32764
v 46.4136 3.54284 -5.60964
v 46.6956 4.25484 -5.32764
v 46.1257 -2.12767 -5.71527
v 46.6958 -1.47364 -5.15353
v 46.0682 -1.1667 -5.78491
v 46.7532 -0.75413 -5.0839
v 46.0682 -1.69281 -5.78491
v 46.7532 -0.946288 -5.0839
v 43.0826 -4.06348 -56.3509
v 43.7178 -3.78711 -55.7584
v 29.4409 -8.235 -92.5147
v 30.615 -7.33743 -91.3486
v 11.7778 6.73711 -156.443
v 12.8239 7.51242 -155.636
v 101.777 -0.00678942 -5.09811
v 102.589 1.11174 -4.28606
v -19.2065 1.39351 -95.4892
v -17.6784 1.66351 -93.9611
v -17.9777 1.44139 -92.6267
v -16.4579 1.71139 -91.107
v -18.4994 1.39351 -93.3679
v -16.9713 1.66351 -91.8398
v -21.0449 1.44032 -91.8244
v -19.5297 1.71032 -90.3093
v -21.201 1.44212 -93.4431
v -19.6719 1.76546 -91.9141
v -20.4958 1.44032 -92.763
v -18.9828 1.71032 -91.25
v -19.5895 1.44032 -91.8288
v -18.0614 1.71032 -90.3006
v -19.7799 1.44016 -94.5454
v -18.2651 1.71016 -93.0306
v -19.2066 1.39351 -94.075
v -17.6784 1.66351 -92.5469
v -18.4994 1.39351 -91.9537
v -16.9713 1.66351 -90.4256
v -19.9137 1.39351 -93.3679
v -18.3855 1.66351 -91.8398
v -20.6208 1.39351 -94.075
v -19.0926 1.66351 -92.5469
v -19.2065 1.39351 -91.2466
v -17.6784 1.66351 -89.7184
v -19.9137 1.39351 -90.5395
v -18.3855 1.66351 -89.0113
v -20.6208 1.39351 -91.2466
v -19.0926 1.66351 -89.7184
v -22.035 1.39351 -92.6608
v -20.5068 1.66351 -91.1327
v -6.66393 -1.55862 -81.313
v -5.14415 -1.28862 -79.7932
v -7.18569 -1.60651 -82.0542
v -5.65754 -1.33651 -80.526
v -9.73113 -1.5597 -80.5107
v -8.21599 -1.2897 -78.9956
v -9.88723 -1.55789 -82.1294
v -8.35814 -1.23455 -80.6004
v -9.18206 -1.5597 -81.4493
v -7.66904 -1.2897 -79.9362
v -8.27579 -1.5597 -80.515
v -6.74764 -1.2897 -78.9869
v -8.46617 -1.55985 -83.2317
v -6.95133 -1.28985 -81.7168
v -7.8928 -1.60651 -82.7613
v -6.36465 -1.33651 -81.2331
v -7.18569 -1.60651 -80.64
v -5.65754 -1.33651 -79.1118
v -8.5999 -1.60651 -82.0542
v -7.07175 -1.33651 -80.526
v -9.30701 -1.60651 -82.7613
v -7.77886 -1.33651 -81.2331
v -7.89279 -1.60651 -79.9329
v -6.36464 -1.33651 -78.4047
v -8.5999 -1.60651 -79.2258
v -7.07175 -1.33651 -77.6976
v -9.307 -1.60651 -79.9329
v -7.77886 -1.33651 -78.4047
v -10.7212 -1.60651 -81.3471
v -9.19307 -1.33651 -79.8189
v -19.8926 1.42482 -108.733
v -18.3728 1.69482 -107.213
v -20.6337 1.37693 -108.22
v -19.1056 1.64693 -106.692
v -19.0902 1.42375 -105.661
v -17.5751 1.69375 -104.146
v -20.709 1.42555 -105.519
v -19.1799 1.74889 -103.99
v -20.0288 1.42375 -106.208
v -18.5158 1.69375 -104.695
v -19.0946 1.42375 -107.13
v -17.5664 1.69375 -105.601
v -21.8112 1.42359 -106.926
v -20.2964 1.69359 -105.411
v -21.3408 1.37693 -107.513
v -19.8127 1.64693 -105.984
v -19.2195 1.37693 -108.22
v -17.6914 1.64693 -106.692
v -20.6337 1.37693 -106.805
v -19.1056 1.64693 -105.277
v -21.3408 1.37693 -106.098
v -19.8127 1.64693 -104.57
v -18.5124 1.37693 -107.513
v -16.9843 1.64693 -105.984
v -17.8053 1.37693 -106.805
v -16.2771 1.64694 -105.277
v -18.5124 1.37693 -106.098
v -16.9842 1.64693 -104.57
v -19.9266 1.37693 -104.684
v -18.3985 1.64693 -103.156
v -7.96775 -5.09157 -78.991
v -6.6248 -4.82157 -77.648
v -5.67495 8.12107 -135.669
v -4.52388 9.01864 -134.499
v 6.02442 -2.80679 -68.2067
v 7.19194 -2.30681 -66.9594
v 96.0831 2.85861 -23.0458
v 96.5831 4.18861 -22.5458
v 96.1316 3.96375 -22.9927
v 96.5353 4.37444 -22.5964
v -1.42337 1.74541 -168.521
v -0.261994 2.64299 -167.347
v 8.24377 5.88065 -124.962
v 9.31958 6.80162 -123.926
v 8.61953 5.90541 -124.294
v 8.95753 6.24341 -123.956
v 8.94316 5.90541 -124.531
v 9.28116 6.24341 -124.193
v 8.82585 5.90541 -124.909
v 9.16385 6.24341 -124.571
v 8.40108 5.90541 -124.921
v 8.73908 6.24341 -124.583
v 8.28376 5.90541 -124.529
v 8.62176 6.24341 -124.191
v 31.4386 -10.8436 -90.4245
v 31.9529 -10.2676 -89.9313
v 20.2889 -11.1193 -107.117
v 21.267 -10.8026 -106.325
v 4.521 -0.209192 -155.692
v 4.94632 0.328785 -155.267
v 22.3642 -0.110011 -105.445
v 23.5979 0.159989 -104.212
v 5.25801 -1.18602 -156.257
v 5.75801 0.143985 -155.757
v 5.29599 -0.0808817 -156.209
v 5.71859 0.329814 -155.805
v -17.6522 -0.167247 -155.765
v -16.5764 0.753718 -154.729
v -17.2764 -0.142489 -155.098
v -16.9384 0.195511 -154.76
v -16.9528 -0.142489 -155.335
v -16.6148 0.195511 -154.997
v -17.0701 -0.142489 -155.713
v -16.7321 0.195511 -155.375
v -17.4949 -0.142489 -155.725
v -17.1569 0.195511 -155.387
v -17.6122 -0.142489 -155.332
v -17.2742 0.195511 -154.994
v 11.1718 5.84331 -151.068
v 12.3376 6.74089 -149.894
v -8.96682 0.872623 -156.494
v -8.40216 1.15612 -156.037
v 29.8982 -9.53468 -91.9858
v 30.3826 -8.95864 -91.4786
v 12.2638 5.81515 -156.793
v 13.4311 6.71273 -155.619
v 32.0324 -11.0875 -89.9529
v 32.5378 -10.5114 -89.4503
v 38.6567 2.85861 18.3989
v 39.1567 4.18861 18.8989
v 38.7084 3.96375 18.4432
v 39.104 4.37444 18.8563
v 57.1288 -6.60467 -37.2215
v 57.5396 -6.19168 -36.3002
v 57.1265 -6.76372 -37.2437
v 57.5765 -6.22372 -36.7937
v 57.1284 -6.80256 -37.1811
v 57.5471 -6.38457 -36.4476
v 56.7831 -6.9421 -36.6939
v 57.9454 -6.08194 -36.1037
v 31.3239 -9.55812 -90.4779
v 31.9938 -9.05784 -89.8275
v 18.9163 -0.332429 -112.359
v 19.3524 0.0725706 -111.686
v 18.9746 -0.134012 -112.307
v 19.2999 0.165988 -111.788
v 43.7395 -3.19552 -145.412
v 44.5154 -2.94985 -144.695
v 43.7766 -3.1946 -145.416
v 44.5292 -2.94759 -144.772
v 43.7536 -3.19057 -145.431
v 44.5501 -2.94421 -144.645
v 43.9038 -3.18504 -145.326
v 44.3666 -2.95215 -144.829
v 43.8657 -3.18324 -145.304
v 44.3648 -2.95035 -144.834
v 43.8948 -3.18367 -145.321
v 44.3971 -2.94795 -144.77
v 43.9185 -3.1797 -145.262
v 44.4176 -2.94681 -144.792
v 43.8949 -3.17884 -145.305
v 44.3808 -2.94595 -144.802
v 43.5575 -4.03072 -54.7479
v 44.1403 -3.32519 -54.1874
v 44.8479 1.54018 -143.242
v 45.2636 2.1995 -142.852
v -18.0049 0.709943 -154.468
v -17.3594 1.06069 -153.884
v 6.50308 6.87544 -130.762
v 7.13317 7.19584 -130.202
v -20.3472 2.10509 -155.724
v -19.7008 2.45584 -155.047
v 5.08693 -3.53483 -66.9622
v 6.02856 -2.99215 -66.0156
v 10.7575 6.76153 -151.069
v 11.3991 7.08193 -150.494
v 10.7577 6.94138 -151.057
v 11.4378 7.29212 -150.384
v 43.8558 -3.17819 -145.317
v 44.4162 -2.94247 -144.792
v 107.27 3.4414 -7.44496
v 108.79 3.7114 -5.92518
v 108.003 3.39351 -7.96671
v 109.531 3.66351 -6.43857
v 106.473 3.44033 -10.5122
v 107.988 3.71033 -8.99702
v 108.078 3.44213 -10.6683
v 109.607 3.76547 -9.13916
v 107.413 3.44033 -9.96309
v 108.926 3.71033 -8.45006
v 106.464 3.44032 -9.05682
v 107.992 3.71032 -7.52867
v 109.194 3.44017 -9.2472
v 110.709 3.71017 -7.73236
v 108.71 3.39351 -8.67382
v 110.238 3.66351 -7.14567
v 106.589 3.39351 -7.96671
v 108.117 3.66351 -6.43857
v 108.003 3.39351 -9.38093
v 109.531 3.66351 -7.85278
v 108.71 3.39351 -10.088
v 110.238 3.66351 -8.55989
v 105.882 3.39351 -8.67382
v 107.41 3.66351 -7.14567
v 105.175 3.39351 -9.38093
v 106.703 3.66351 -7.85278
v 105.882 3.39351 -10.088
v 107.41 3.66351 -8.55989
v 107.296 3.39351 -11.5022
v 108.824 3.66351 -9.9741
v 100.199 3.4414 -6.03075
v 101.719 3.7114 -4.51097
v 100.932 3.39351 -6.55251
v 102.46 3.66351 -5.02436
v 99.4017 3.44033 -9.09795
v 100.917 3.71033 -7.58281
v 101.007 3.44213 -9.25405
v 102.536 3.76547 -7.72496
v 100.342 3.44033 -8.54888
v 101.855 3.71033 -7.03586
v 99.393 3.44032 -7.64262
v 100.921 3.71032 -6.11447
v 102.123 3.44017 -7.83299
v 103.638 3.71017 -6.31815
v 101.639 3.39351 -7.25962
v 103.167 3.66351 -5.73147
v 99.518 3.39351 -6.55251
v 101.046 3.66351 -5.02436
v 100.932 3.39351 -7.96672
v 102.46 3.66351 -6.43858
v 101.639 3.39351 -8.67383
v 103.167 3.66351 -7.14568
v 98.8108 3.39351 -7.25962
v 100.339 3.66351 -5.73147
v 98.1037 3.39351 -7.96672
v 99.6319 3.66351 -6.43858
v 98.8109 3.39351 -8.67383
v 100.339 3.66351 -7.14568
v 100.225 3.39351 -10.088
v 101.753 3.66351 -8.5599
v 112.927 3.4414 -7.44496
v 114.447 3.7114 -5.92518
v 113.66 3.39351 -7.96672
v 115.188 3.66351 -6.43857
v 112.13 3.44033 -10.5122
v 113.645 3.71033 -8.99702
v 113.734 3.44213 -10.6683
v 115.263 3.76547 -9.13917
v 113.07 3.44033 -9.96309
v 114.583 3.71033 -8.45007
v 112.121 3.44033 -9.05683
v 113.649 3.71033 -7.52868
v 114.851 3.44017 -9.2472
v 116.366 3.71017 -7.73236
v 114.367 3.39351 -8.67383
v 115.895 3.66351 -7.14568
v 112.246 3.39351 -7.96672
v 113.774 3.66351 -6.43857
v 113.66 3.39351 -9.38093
v 115.188 3.66351 -7.85279
v 114.367 3.39351 -10.088
v 115.895 3.66351 -8.55989
v 111.539 3.39351 -8.67383
v 113.067 3.66351 -7.14568
v 110.832 3.39351 -9.38093
v 112.36 3.66351 -7.85279
v 111.539 3.39351 -10.088
v 113.067 3.66351 -8.55989
v 112.953 3.39351 -11.5023
v 114.481 3.66351 -9.97411
v 116.669 3.4414 -3.75226
v 118.189 3.7114 -2.23248
v 117.183 3.39351 -3.01946
v 118.711 3.66351 -1.49132
v 119.741 3.44033 -4.54993
v 121.256 3.71033 -3.0348
v 119.883 3.44213 -2.9451
v 121.412 3.76547 -1.41608
v 119.194 3.44033 -3.60925
v 120.707 3.71033 -2.09623
v 118.273 3.44033 -4.55862
v 119.801 3.71033 -3.03047
v 118.476 3.44017 -1.82866
v 119.991 3.71017 -0.313819
v 117.89 3.39351 -2.31236
v 119.418 3.66351 -0.784209
v 117.183 3.39351 -4.43368
v 118.711 3.66351 -2.90553
v 118.597 3.39351 -3.01946
v 120.125 3.66351 -1.49132
v 119.304 3.39351 -2.31236
v 120.832 3.66351 -0.784209
v 117.89 3.39351 -5.14078
v 119.418 3.66351 -3.61264
v 118.597 3.39351 -5.84789
v 120.125 3.66351 -4.31974
v 119.304 3.39351 -5.14078
v 120.832 3.66351 -3.61264
v 120.718 3.39351 -3.72657
v 122.246 3.66351 -2.19842
v 35.3284 -1.05053 -156.05
v 35.8746 -0.767031 -155.635
v 44.697 -4.09447 -145.103
v 45.7485 -3.17351 -144.03
v 44.7269 -4.06971 -144.549
v 45.0649 -3.73171 -144.211
v 45.1225 -3.96982 -144.36
v 45.4605 -3.63169 -144.022
v 45.3578 -4.06971 -144.699
v 45.6958 -3.73171 -144.361
v 45.1431 -4.06971 -145.066
v 45.4811 -3.73171 -144.728
v 44.7481 -4.06971 -144.958
v 45.0861 -3.73171 -144.62
v -2.27358 1.38416 -169.518
v -1.32699 1.92684 -168.576
v 30.9425 -11.11 -91.9166
v 32.1162 -10.2124 -90.7477
v -3.03136 -0.192909 -164.34
v -2.53136 1.13709 -163.84
v -2.97867 0.912224 -164.296
v -2.58427 1.32292 -163.882
v 12.2429 6.72896 -155.524
v 12.707 7.1336 -155.066
v 34.6912 -11.11 -93.8873
v 35.8643 -10.2124 -92.7285
v 4.48546 7.42889 -129.414
v 5.24739 7.84189 -128.652
v 4.82417 7.26984 -129.441
v 5.27417 7.80984 -128.991
v 4.58674 7.23101 -129.389
v 5.22194 7.649 -128.753
v 4.09305 7.09146 -129.294
v 5.17421 7.95163 -128.216
v 32.137 3.94934 -121.912
v 33.4762 4.21934 -120.573
v 99.2538 -0.11 -7.30863
v 100.248 1.16195 -6.31887
v -19.2802 2.10509 -154.693
v -18.7672 2.71528 -154.179
v 31.2072 -9.55563 -90.8393
v 31.7325 -9.05536 -90.239
v 8.01054 4.38708 -74.4627
v 8.59504 5.09261 -73.9051
v 7.47812 6.44138 -75.6562
v 8.9979 6.71138 -74.1364
v 6.95636 6.3935 -76.3974
v 8.48451 6.6635 -74.8692
v 4.41092 6.44031 -74.8539
v 5.92606 6.71031 -73.3387
v 4.25482 6.44211 -76.4726
v 5.78391 6.76545 -74.9436
v 4.95999 6.44031 -75.7924
v 6.47301 6.71031 -74.2794
v 5.86626 6.44031 -74.8582
v 7.3944 6.71031 -73.33
v 5.67588 6.44015 -77.5748
v 7.19072 6.71015 -76.06
v 6.24926 6.3935 -77.1045
v 7.7774 6.6635 -75.5763
v 6.95636 6.3935 -74.9831
v 8.48451 6.6635 -73.455
v 5.54215 6.3935 -76.3973
v 7.0703 6.6635 -74.8692
v 4.83504 6.3935 -77.1045
v 6.36319 6.6635 -75.5763
v 6.24926 6.3935 -74.276
v 7.7774 6.6635 -72.7479
v 5.54215 6.39349 -73.5689
v 7.0703 6.66349 -72.0408
v 4.83504 6.3935 -74.276
v 6.36319 6.6635 -72.7479
v 3.42083 6.3935 -75.6902
v 4.94898 6.6635 -74.1621
v 12.1336 6.72777 -155.401
v 12.5984 7.10654 -154.936
v 30.3708 -11.11 -92.4436
v 31.5429 -10.2124 -91.2716
v 30.3774 -8.88402 -91.4973
v 30.8027 -8.34604 -91.072
v 12.7691 6.95811 -153.165
v 13.4151 7.25535 -152.61
v -18.7269 1.32552 -154.61
v -17.965 1.73852 -153.848
v -18.7537 1.16648 -154.271
v -18.3037 1.70648 -153.821
v -18.7015 1.12764 -154.509
v -18.0663 1.54563 -153.874
v -18.6227 1.01094 -155.007
v -17.5381 1.92321 -153.899
v 104.804 -0.121038 -12.1907
v 105.695 0.662818 -10.8153
v 48.6797 6.44139 -74.4314
v 50.1995 6.71139 -72.9116
v 13.0787 6.79024 -154.335
v 13.3037 7.01524 -154.11
v 12.7852 6.98668 -154.301
v 13.5048 7.21252 -154.003
v 12.8254 6.97323 -154.315
v 13.5148 7.23801 -153.909
v 12.9903 6.85064 -154.481
v 13.4183 7.17674 -154.015
v 12.8497 6.79274 -154.552
v 13.5159 7.20418 -153.885
v 12.9034 6.79274 -154.431
v 13.4073 7.13871 -153.956
v 12.8375 6.81662 -154.235
v 13.5025 7.20513 -153.887
v 13.085 6.81805 -154.652
v 13.619 7.20619 -154.064
v -1.40349 0.730308 -143.519
v -1.03921 1.23638 -143.153
v 13.4091 6.75368 -153.868
v 13.7402 7.25976 -153.533
v 10.0877 6.77074 -150.778
v 10.6879 7.09583 -150.148
v 48.158 6.3935 -75.1725
v 49.6861 6.6635 -73.6444
v 45.6125 6.44031 -73.6291
v 47.1277 6.71031 -72.1139
v 45.4564 6.44212 -75.2478
v 46.9855 6.76546 -73.7188
v 46.1616 6.44031 -74.5676
v 47.6746 6.71031 -73.0546
v 47.0679 6.44031 -73.6334
v 48.596 6.71031 -72.1052
v 46.8775 6.44016 -76.35
v 48.3923 6.71016 -74.8352
v 47.4509 6.3935 -75.8797
v 48.979 6.6635 -74.3515
v 48.158 6.3935 -73.7583
v 49.6861 6.6635 -72.2302
v 46.7438 6.3935 -75.1725
v 48.2719 6.6635 -73.6444
v 46.0367 6.3935 -75.8796
v 47.5648 6.6635 -74.3515
v 47.4509 6.3935 -73.0512
v 48.979 6.6635 -71.5231
v 46.7438 6.3935 -72.3441
v 48.2719 6.6635 -70.816
v 46.0367 6.3935 -73.0512
v 47.5648 6.6635 -71.5231
v 44.6224 6.3935 -74.4654
v 46.1506 6.6635 -72.9373
v 9.67906 6.77074 -150.687
v 10.299 7.09582 -150.099
v 13.5733 6.81514 -154.054
v 14.1458 7.11238 -153.395
v 39.4551 -0.558613 -144.452
v 40.9749 -0.288612 -142.932
v 40.1879 -0.606497 -144.974
v 41.7161 -0.336497 -143.446
v 38.6575 -0.559686 -147.519
v 40.1726 -0.289686 -146.004
v 40.2623 -0.55788 -147.675
v 41.7913 -0.234541 -146.146
v 39.5981 -0.559686 -146.97
v 41.1112 -0.289686 -145.457
v 38.6488 -0.559686 -146.064
v 40.1769 -0.289685 -144.536
v 41.3787 -0.559843 -146.254
v 42.8936 -0.289843 -144.739
v 40.895 -0.606497 -145.681
v 42.4232 -0.336497 -144.153
v 38.7737 -0.606497 -144.974
v 40.3019 -0.336496 -143.446
v 40.1879 -0.606497 -146.388
v 41.7161 -0.336497 -144.86
v 40.895 -0.606497 -147.095
v 42.4232 -0.336497 -145.567
v 38.0666 -0.606497 -145.681
v 39.5948 -0.336496 -144.153
v 37.3595 -0.606497 -146.388
v 38.8876 -0.336497 -144.86
v 38.0666 -0.606497 -147.095
v 39.5948 -0.336497 -145.567
v 39.4808 -0.606497 -148.509
v 41.009 -0.336497 -146.981
v 31.3513 -10.1966 -90.329
v 31.8524 -9.62056 -89.8307
v 81.7535 0.902802 9.96191
v 82.9235 1.4028 10.9519
v 81.5812 0.945232 9.83937
v 82.0512 1.35875 10.2782
v 30.0415 -8.88402 -91.7234
v 30.4668 -8.34604 -91.2981
v 6.42751 6.44138 -78.5339
v 7.94729 6.71138 -77.0141
v 6.9409 6.3935 -77.8011
v 8.46905 6.6635 -76.2729
v 9.49935 6.44031 -79.3316
v 11.0145 6.71031 -77.8164
v 9.6415 6.44211 -77.7267
v 11.1706 6.76545 -76.1977
v 8.9524 6.44031 -78.3909
v 10.4654 6.71031 -76.8779
v 8.03101 6.44031 -79.3402
v 9.55916 6.71031 -77.8121
v 8.23469 6.44015 -76.6103
v 9.74953 6.71015 -75.0954
v 7.64801 6.3935 -77.094
v 9.17616 6.6635 -75.5658
v 6.9409 6.3935 -79.2153
v 8.46905 6.6635 -77.6871
v 8.35511 6.3935 -77.8011
v 9.88326 6.6635 -76.2729
v 9.06222 6.3935 -77.094
v 10.5904 6.6635 -75.5658
v 7.64801 6.3935 -79.9224
v 9.17616 6.6635 -78.3943
v 8.35511 6.39349 -80.6295
v 9.88326 6.66349 -79.1014
v 9.06222 6.3935 -79.9224
v 10.5904 6.6635 -78.3943
v 10.4764 6.3935 -78.5082
v 12.0046 6.6635 -76.98
v 52.7931 -1.08623 -81.2076
v 54.0739 -0.816226 -79.9262
v 10.1092 5.82115 -162.144
v 11.2576 6.71873 -160.975
v 3.74612 -1.04033 -157.038
v 4.4347 -0.743089 -156.422
v 3.77757 -0.960187 -156.989
v 4.42239 -0.673756 -156.393
v 3.88237 -0.698851 -157.047
v 4.39883 -0.12282 -156.554
v 3.95886 -0.717364 -156.728
v 4.31221 -0.211288 -156.371
v 3.55779 -1.09002 -157.117
v 4.07464 0.028508 -156.151
v 3.59907 6.44137 -81.3623
v 5.11885 6.71137 -79.8425
v 4.11246 6.39349 -80.6295
v 5.6406 6.66349 -79.1013
v 6.67091 6.4403 -82.16
v 8.18605 6.7103 -80.6448
v 6.81306 6.44211 -80.5551
v 8.34214 6.76545 -79.0261
v 6.12395 6.4403 -81.2193
v 7.63698 6.7103 -79.7063
v 5.20256 6.4403 -82.1686
v 6.73071 6.7103 -80.6405
v 5.40625 6.44014 -79.4387
v 6.92109 6.71014 -77.9239
v 4.81956 6.39349 -79.9224
v 6.34771 6.66349 -78.3942
v 4.11246 6.39349 -82.0437
v 5.6406 6.66349 -80.5156
v 5.52667 6.39349 -80.6295
v 7.05482 6.66349 -79.1013
v 6.23378 6.39349 -79.9224
v 7.76192 6.66349 -78.3942
v 4.81956 6.39349 -82.7508
v 6.34771 6.66349 -81.2227
v 5.52667 6.39349 -83.4579
v 7.05482 6.66349 -81.9298
v 6.23378 6.39349 -82.7508
v 7.76192 6.66349 -81.2227
v 7.64799 6.39349 -81.3366
v 9.17614 6.66349 -79.8084
v 9.25594 6.44138 -75.7055
v 10.7757 6.71138 -74.1857
v 9.76933 6.3935 -74.9727
v 11.2975 6.6635 -73.4445
v 12.3278 6.44031 -76.5031
v 13.8429 6.71031 -74.988
v 12.4699 6.44211 -74.8983
v 13.999 6.76545 -73.3693
v 11.7808 6.44031 -75.5624
v 13.2939 6.71031 -74.0494
v 10.8594 6.44031 -76.5118
v 12.3876 6.71031 -74.9837
v 11.0631 6.44015 -73.7819
v 12.578 6.71015 -72.267
v 10.4764 6.3935 -74.2655
v 12.0046 6.6635 -72.7374
v 9.76933 6.3935 -76.3869
v 11.2975 6.6635 -74.8587
v 11.1835 6.3935 -74.9727
v 12.7117 6.6635 -73.4445
v 11.8907 6.3935 -74.2655
v 13.4188 6.6635 -72.7374
v 10.4764 6.3935 -77.094
v 12.0046 6.6635 -75.5658
v 11.1835 6.39349 -77.8011
v 12.7117 6.66349 -76.2729
v 11.8907 6.3935 -77.094
v 13.4188 6.6635 -75.5658
v 13.3049 6.3935 -75.6798
v 14.833 6.6635 -74.1516
v 105.332 -0.11 -12.6566
v 106.358 1.16195 -11.6293
v -21.5216 -3.13181 -101.62
v -20.2638 -2.86181 -100.363
v 29.9778 -10.0807 -92.0197
v 30.3264 -9.57466 -91.6699
v -19.8201 2.10469 -155.179
v -19.1074 2.42509 -154.497
v 100.704 0.847084 -5.87643
v 101.967 1.8075 -4.61285
v 8.39166 6.44138 -74.7919
v 9.91145 6.71138 -73.2721
v 7.6505 6.3935 -74.2785
v 9.17865 6.6635 -72.7504
v 9.19398 6.44031 -71.7201
v 10.7091 6.71031 -70.2049
v 7.57526 6.44211 -71.5779
v 9.10429 6.76545 -70.0488
v 8.25541 6.44031 -72.267
v 9.76844 6.71031 -70.754
v 9.18966 6.44031 -73.1884
v 10.7178 6.71031 -71.6603
v 6.473 6.44015 -72.9847
v 7.98784 6.71015 -71.4699
v 6.94339 6.3935 -73.5714
v 8.47154 6.6635 -72.0433
v 9.06471 6.3935 -74.2785
v 10.5929 6.6635 -72.7504
v 7.6505 6.3935 -72.8643
v 9.17865 6.6635 -71.3362
v 6.94339 6.3935 -72.1572
v 8.47154 6.6635 -70.6291
v 9.77182 6.3935 -73.5714
v 11.3 6.6635 -72.0433
v 10.4789 6.39349 -72.8643
v 12.0071 6.66349 -71.3362
v 9.77182 6.3935 -72.1572
v 11.3 6.6635 -70.6291
v 8.35761 6.3935 -70.743
v 9.88575 6.6635 -69.2148
v 5.08746 -1.17673 -161.637
v 6.02784 -0.279157 -160.621
v 55.1917 -1.13181 -75.4145
v 56.4495 -0.861812 -74.1574
v 12.0926 6.88509 -155.694
v 12.5476 7.17775 -155.239
v 53.286 6.44139 -77.3091
v 54.8058 6.71139 -75.7893
v 53.7994 6.3935 -76.5763
v 55.3275 6.6635 -75.0481
v 56.3578 6.44031 -78.1068
v 57.873 6.71031 -76.5916
v 56.5 6.44212 -76.5019
v 58.029 6.76546 -74.9729
v 55.8109 6.44031 -77.1661
v 57.3239 6.71031 -75.653
v 54.8895 6.44031 -78.1154
v 56.4176 6.71031 -76.5873
v 55.0932 6.44016 -75.3855
v 56.608 6.71016 -73.8706
v 54.5065 6.3935 -75.8692
v 56.0346 6.6635 -74.341
v 53.7994 6.3935 -77.9905
v 55.3275 6.6635 -76.4623
v 55.2136 6.3935 -76.5763
v 56.7417 6.6635 -75.0481
v 55.9207 6.3935 -75.8692
v 57.4488 6.6635 -74.341
v 54.5065 6.3935 -78.6976
v 56.0346 6.6635 -77.1694
v 55.2136 6.3935 -79.4047
v 56.7417 6.6635 -77.8766
v 55.9207 6.3935 -78.6976
v 57.4488 6.6635 -77.1694
v 57.3349 6.3935 -77.2834
v 58.863 6.6635 -75.7552
v 4.79403 -1.18602 -156.385
v 5.29403 0.143985 -155.885
v 4.84671 -0.0808818 -156.341
v 5.24111 0.329814 -155.927
v 11.5225 7.60244 -162.015
v 12.1624 7.88887 -161.351
v 11.4873 7.5223 -162.077
v 12.1955 7.81954 -161.341
v 11.5187 7.40106 -162.016
v 12.1437 7.73611 -161.399
v 11.4831 7.26851 -162.079
v 12.1573 7.61925 -161.4
v 11.711 7.2683 -161.706
v 12.4404 7.56554 -160.97
v 11.7839 7.34648 -161.703
v 12.5195 7.64372 -160.997
v 12.163 7.2643 -161.402
v 12.6637 7.89509 -160.909
v 12.2751 7.2643 -161.358
v 12.763 7.89509 -160.852
v 12.3159 7.26086 -161.281
v 13.004 7.82776 -160.593
v 12.5705 7.26562 -161.036
v 13.0691 7.89641 -160.54
v 12.862 7.26995 -160.751
v 13.3736 7.88014 -160.236
v 12.6298 7.35024 -160.943
v 13.2901 7.63667 -160.28
v 12.5979 7.27009 -161.004
v 13.3298 7.56734 -160.27
v -1.95001 0.752284 -143.684
v -1.4467 1.32832 -143.19
v 12.7377 6.82068 -153.301
v 13.4164 7.11792 -152.576
v -3.87967 0.785137 -166.55
v -2.71405 1.68271 -165.376
v 39.7014 -4.09268 -147.971
v 40.8574 -3.19511 -146.799
v 2.0862 -2.1407 -133.978
v 2.5862 -0.810698 -133.478
v 2.13468 -1.03556 -133.925
v 2.53841 -0.624869 -133.529
v 31.2441 -10.8436 -90.6385
v 31.7514 -10.2676 -90.1542
v -3.84347 -0.171021 -150.182
v -2.701 0.726555 -149.08
v 26.9597 1.13071 -27.784
v 27.2417 1.74271 -27.502
v 26.9597 1.49923 -27.784
v 27.2417 2.22123 -27.502
v 26.9597 1.95438 -27.784
v 27.2417 2.67638 -27.502
v 26.9597 2.42959 -27.784
v 27.2417 3.15159 -27.502
v 26.9597 2.8962 -27.784
v 27.2417 3.6182 -27.502
v 26.9597 3.37403 -27.784
v 27.2417 4.09603 -27.502
v 26.9597 3.83951 -27.784
v 27.2417 4.56151 -27.502
v 26.9597 4.30799 -27.784
v 27.2417 5.02999 -27.502
v 26.9597 4.76588 -27.784
v 27.2417 5.48788 -27.502
v 26.9597 5.24984 -27.784
v 27.2417 5.97184 -27.502
v 26.9597 5.70928 -27.784
v 27.2417 6.42128 -27.502
v 26.8616 3.34988 -27.971
v 27.2216 4.13988 -27.611
v 26.9006 3.8573 -27.932
v 27.1826 4.5693 -27.65
v 26.9006 4.3259 -27.932
v 27.1826 5.0379 -27.65
v 26.9006 4.79367 -27.932
v 27.1826 5.50567 -27.65
v 26.9006 5.26982 -27.932
v 27.1826 5.98182 -27.65
v 26.9006 5.72485 -27.932
v 27.1826 6.43685 -27.65
v 26.8101 0.0543438 -27.9477
v 27.3905 0.708372 -27.363
v 26.7404 1.01531 -28.0112
v 27.4602 1.42788 -27.2995
v 26.7404 0.489198 -28.0112
v 27.4602 1.23572 -27.2995
v 28.0454 -10.7318 -120.264
v 28.4521 -10.3268 -119.589
v 28.0982 -10.5333 -120.211
v 28.3996 -10.2333 -119.691
v 4.28478 -5.11002 -66.4758
v 4.66831 -4.4507 -66.1368
v 54.5546 0.858605 -113.756
v 55.0546 2.1886 -113.256
v 54.6031 1.96374 -113.703
v 55.0068 2.37443 -113.306
v 42.3328 -0.558613 -151.159
v 43.8526 -0.288612 -149.64
v 41.5917 -0.606497 -150.646
v 43.1198 -0.336497 -149.118
v 43.1351 -0.559686 -148.088
v 44.6503 -0.289686 -146.572
v 41.5164 -0.55788 -147.945
v 43.0455 -0.234541 -146.416
v 42.1966 -0.559686 -148.635
v 43.7096 -0.289686 -147.122
v 43.1308 -0.559686 -149.556
v 44.659 -0.289685 -148.028
v 40.4142 -0.559843 -149.352
v 41.929 -0.289843 -147.837
v 40.8846 -0.606497 -149.939
v 42.4127 -0.336497 -148.411
v 43.0059 -0.606497 -150.646
v 44.534 -0.336496 -149.118
v 41.5917 -0.606497 -149.232
v 43.1198 -0.336497 -147.704
v 40.8846 -0.606497 -148.525
v 42.4127 -0.336497 -146.997
v 43.713 -0.606497 -149.939
v 45.2411 -0.336496 -148.411
v 44.4201 -0.606497 -149.232
v 45.9482 -0.336497 -147.704
v 43.713 -0.606497 -148.525
v 45.2411 -0.336497 -146.997
v 42.2988 -0.606497 -147.111
v 43.8269 -0.336497 -145.582
v -4.2496 -5.12182 -75.3791
v -2.91224 -4.85182 -74.0419
v 13.3917 6.75118 -154.054
v 13.7423 7.25725 -153.702
v 10.5025 6.74597 -151.063
v 11.1409 6.98574 -150.483
v 10.8316 6.75235 -151.348
v 11.2575 6.98202 -150.916
v 10.6721 6.74697 -150.582
v 11.0775 6.97876 -150.129
v 11.1442 6.74788 -151.133
v 11.5762 6.97755 -150.707
v 10.7932 6.74451 -151.511
v 11.4343 6.98376 -150.904
v 10.8357 6.80654 -151.361
v 11.2422 7.03833 -150.907
v 34.8438 3.88999 -118.81
v 36.1619 4.15999 -117.491
v 3.20472 -1.16884 -154.652
v 4.24097 -0.24787 -153.576
v 3.23523 -1.14408 -154.277
v 3.57323 -0.806077 -153.939
v 3.47256 -1.14408 -153.953
v 3.81056 -0.806077 -153.615
v 3.85013 -1.14408 -154.07
v 4.18813 -0.806077 -153.732
v 3.86226 -1.14408 -154.495
v 4.20026 -0.806077 -154.157
v 3.46986 -1.14408 -154.612
v 3.80786 -0.806077 -154.274
v 1.78706 -1.09292 -156.257
v 2.5162 -0.795672 -155.569
v 1.792 -1.17359 -156.24
v 2.4822 -0.876342 -155.622
v 5.26842 -0.22763 -155.266
v 5.68747 0.43169 -154.867
v 4.15742 -0.228257 -156.155
v 4.83063 0.176743 -155.719
v 4.2598 -0.0298397 -156.097
v 4.77834 0.27016 -155.771
v 4.42478 -0.236684 -155.285
v 5.45299 0.07996 -154.795
v -81.3254 -0.151125 -133.082
v -80.7459 0.132377 -132.564
v 121.294 -0.151125 -96.9166
v 121.834 0.132377 -96.3383
v 10.7143 6.86347 -151.078
v 11.4509 7.16071 -150.351
v 10.8766 5.95773 -156.904
v 11.5652 6.25498 -156.289
v 10.9081 6.03788 -156.856
v 11.5529 6.32431 -156.26
v 11.0129 6.29922 -156.914
v 11.5293 6.87525 -156.421
v 11.0894 6.2807 -156.594
v 11.4427 6.78678 -156.237
v 10.6883 5.91587 -156.983
v 11.2051 7.0344 -156.018
v 29.6472 -8.88402 -92.1444
v 30.0725 -8.34604 -91.7191
v 19.1063 0.57519 -111.329
v 19.8564 1.12719 -110.749
v 18.5478 0.57519 -111.407
v 19.2979 1.12719 -110.827
v 18.0007 -1.09943 -111.721
v 19.3548 2.69271 -110.582
v 19.0464 -1.09943 -111.575
v 20.4005 2.69271 -110.436
v 7.84896 4.38708 -74.4202
v 8.19282 5.0464 -74.032
v 13.4482 6.75293 -154.224
v 13.8735 7.2909 -153.799
v 8.5852 7.25818 -123.453
v 9.42414 7.5545 -122.948
v 8.63329 7.16353 -123.307
v 9.02846 7.58845 -122.559
v 8.48478 6.81382 -123.233
v 9.02316 7.4889 -122.511
v 1.85684 -1.17875 -156.847
v 2.52785 -0.881508 -156.126
v 4.49074 -2.86917 -66.976
v 5.73409 -2.36919 -65.8803
v 48.0541 -2.75271 -144.907
v 48.8153 -2.4564 -144.146
v 48.4034 -2.84737 -144.848
v 49.0754 -2.42244 -144.214
v 48.4789 -3.19707 -144.84
v 49.1746 -2.522 -144.145
v 30.012 -3.537 -87.4344
v 31.0272 -2.99432 -86.4219
v 43.8511 -4.03401 -54.8023
v 44.2486 -3.37469 -54.4447
v 50.7416 0.8667 31.222
v 51.2416 2.1967 31.722
v 50.7942 1.97183 31.2646
v 51.1898 2.38253 31.6777
v 54.6966 -1.13181 -78.838
v 55.8215 -0.861812 -77.7121
v 6.49814 6.97724 -130.784
v 7.1232 7.31229 -130.167
v 9.10099 5.83222 -126.444
v 10.1765 6.75318 -125.403
v 9.27682 5.85698 -125.762
v 9.61482 6.19498 -125.424
v 9.67795 5.85698 -125.774
v 10.016 6.19498 -125.436
v 9.795 5.85698 -126.152
v 10.133 6.19498 -125.814
v 9.45173 5.85698 -126.402
v 9.78973 6.19498 -126.064
v 9.13288 5.85698 -126.145
v 9.47088 6.19498 -125.807
v 52.2466 -3.67943 -69.745
v 53.4851 -3.17945 -68.5453
v -9.92296 1.44708 -156.854
v -9.16103 1.86008 -156.092
v -9.58424 1.28803 -156.515
v -9.13424 1.82803 -156.065
v -9.82168 1.2492 -156.753
v -9.18648 1.66718 -156.117
v -10.3588 1.10965 -157.246
v -9.28139 1.96982 -156.165
v 82.5733 -2.01001 -46.1973
v 83.7202 -1.51003 -45.3372
v 29.9605 -2.88232 -53.6994
v 30.2425 -2.27033 -53.4174
v 29.9605 -2.5138 -53.6994
v 30.2425 -1.7918 -53.4174
v 29.9605 -2.05865 -53.6994
v 30.2425 -1.33665 -53.4174
v 29.9605 -1.58344 -53.6994
v 30.2425 -0.861443 -53.4174
v 29.9605 -1.11684 -53.6994
v 30.2425 -0.394839 -53.4174
v 29.9605 -0.639003 -53.6994
v 30.2425 0.0829968 -53.4174
v 29.9605 -0.173525 -53.6994
v 30.2425 0.548475 -53.4174
v 29.9605 0.294953 -53.6994
v 30.2425 1.01695 -53.4174
v 29.9605 0.752851 -53.6994
v 30.2425 1.47485 -53.4174
v 29.9605 1.23681 -53.6994
v 30.2425 1.95881 -53.4174
v 29.9605 1.69624 -53.6994
v 30.2425 2.40824 -53.4174
v 29.7663 -0.663156 -53.7749
v 30.1263 0.126844 -53.4149
v 29.8053 -0.155731 -53.7359
v 30.0873 0.556268 -53.4539
v 29.8053 0.312863 -53.7359
v 30.0873 1.02486 -53.4539
v 29.8053 0.78064 -53.7359
v 30.0873 1.49264 -53.4539
v 29.8053 1.25679 -53.7359
v 30.0873 1.96879 -53.4539
v 29.8053 1.71182 -53.7359
v 30.0873 2.42382 -53.4539
v 29.8467 -3.95869 -53.8009
v 30.3357 -3.30466 -53.3293
v 29.8115 -2.99773 -53.8613
v 30.3709 -2.58515 -53.2689
v 29.8115 -3.52384 -53.8613
v 30.3709 -2.77731 -53.2689
v 86.1514 -3.10433 6.04991
v 86.6514 -1.77433 6.54991
v 86.204 -1.99919 6.09403
v 86.5984 -1.5885 6.50744
v 21.1663 -0.11001 -106.785
v 22.4565 0.15999 -105.494
v -2.47925 -0.150186 -146.136
v -1.42791 0.77078 -145.061
v -2.06046 -0.125427 -145.433
v -1.72246 0.212573 -145.095
v -1.80243 -0.125427 -145.74
v -1.46443 0.212573 -145.402
v -2.00604 -0.125427 -146.079
v -1.66804 0.212573 -145.741
v -2.42154 -0.125427 -145.99
v -2.08354 0.212573 -145.652
v -2.44234 -0.125427 -145.581
v -2.10434 0.212573 -145.243
v 29.2956 -11.0601 -121.053
v 30.3897 -10.1625 -119.916
v 30.4561 -9.53402 -91.5302
v 30.8815 -8.99604 -91.1049
v -9.23526 0.872623 -156.672
v -8.7171 1.15612 -156.092
v 31.2247 -10.1966 -90.6276
v 31.7305 -9.62056 -90.1404
v 3.51649 -0.462684 -154.496
v 4.16215 -0.165439 -153.789
v 17.2385 5.58217 -160.449
v 18.3143 6.50314 -159.412
v 17.6143 5.60693 -159.781
v 17.9523 5.94493 -159.443
v 17.9379 5.60693 -160.018
v 18.2759 5.94493 -159.68
v 17.8206 5.60693 -160.396
v 18.1586 5.94493 -160.058
v 17.3958 5.60693 -160.408
v 17.7338 5.94493 -160.07
v 17.2785 5.60693 -160.015
v 17.6165 5.94493 -159.677
v 46.8925 -10.11 -92.7799
v 48.0667 -9.21244 -91.613
v 13.5994 6.89305 -154.045
v 14.1332 7.24379 -153.434
v 50.9471 -1.13181 -79.9227
v 52.0719 -0.861812 -78.7968
v 31.0347 -4.18499 -87.6629
v 31.3737 -3.52568 -87.2794
v 33.487 6.44138 -34.8827
v 35.0068 6.71138 -33.3629
v 34.0004 6.3935 -34.1499
v 35.5286 6.6635 -32.6217
v 36.5589 6.4403 -35.6803
v 38.074 6.7103 -34.1652
v 36.701 6.44211 -34.0755
v 38.2301 6.76545 -32.5465
v 36.0119 6.4403 -34.7397
v 37.5249 6.71031 -33.2266
v 35.0905 6.4403 -35.689
v 36.6187 6.71031 -34.1609
v 35.2942 6.44015 -32.9591
v 36.809 6.71015 -31.4442
v 34.7075 6.39349 -33.4428
v 36.2357 6.6635 -31.9146
v 34.0004 6.39349 -35.5641
v 35.5286 6.6635 -34.0359
v 35.4146 6.39349 -34.1499
v 36.9428 6.6635 -32.6217
v 36.1217 6.39349 -33.4428
v 37.6499 6.66349 -31.9146
v 34.7075 6.39349 -36.2712
v 36.2357 6.66349 -34.743
v 35.4146 6.39349 -36.9783
v 36.9428 6.66349 -35.4502
v 36.1217 6.39349 -36.2712
v 37.6499 6.66349 -34.743
v 37.536 6.39349 -34.857
v 39.0641 6.66349 -33.3288
v 89.0321 0.858644 25.8277
v 89.5321 2.18864 26.3277
v 89.0848 1.96378 25.8702
v 89.4804 2.37447 26.2833
v -21.845 2.13306 -157.739
v -20.597 2.63304 -156.611
v -4.04915 -5.06655 -74.9455
v -2.88524 -4.79655 -73.7826
v 61.3831 -3.09507 -12.5409
v 61.8831 -1.76507 -12.0409
v 61.4316 -1.98994 -12.4878
v 61.8353 -1.57924 -12.0915
v 30.8055 -10.8436 -91.0861
v 31.2951 -10.2676 -90.5719
v 10.206 6.84131 -151.27
v 10.8361 7.16171 -150.71
v 13.2145 5.81515 -156.427
v 14.3629 6.71273 -155.258
v 83.8959 -2.01001 -44.2308
v 85.1431 -1.51003 -43.0618
v 35.0163 -1.04005 -156.52
v 35.5052 -0.334516 -155.925
v 107.333 -0.11 -10.7077
v 108.331 1.16195 -9.71458
v 36.9356 -2.10791 -156.719
v 37.4246 -1.82441 -156.145
v 11.1117 5.81254 -155.879
v 11.6119 6.38857 -155.379
v -2.5207 -5.12182 -76.7103
v -1.3389 -4.85182 -75.5275
v 30.6731 -10.2073 -91.082
v 31.3338 -9.70701 -90.4606
v -4.3271 1.35207 -145.6
v -3.56517 1.76507 -144.838
v -4.35388 1.19303 -145.261
v -3.90388 1.73303 -144.811
v -4.30165 1.15419 -145.499
v -3.66644 1.57218 -144.863
v -4.25392 1.01465 -146.036
v -3.17276 1.87481 -144.958
v 35.9922 -5.13912 -49.816
v 36.9759 -4.24154 -48.7638
v 50.4576 6.44139 -80.1375
v 51.9773 6.71139 -78.6177
v 50.9709 6.3935 -79.4047
v 52.4991 6.6635 -77.8765
v 53.5294 6.44031 -80.9352
v 55.0445 6.71031 -79.42
v 53.6715 6.44212 -79.3303
v 55.2006 6.76546 -77.8013
v 52.9824 6.44031 -79.9945
v 54.4955 6.71031 -78.4815
v 52.061 6.44031 -80.9439
v 53.5892 6.71031 -79.4157
v 52.2647 6.44016 -78.2139
v 53.7796 6.71016 -76.6991
v 51.678 6.3935 -78.6976
v 53.2062 6.6635 -77.1694
v 50.9709 6.3935 -80.8189
v 52.4991 6.6635 -79.2908
v 52.3852 6.3935 -79.4047
v 53.9133 6.6635 -77.8765
v 53.0923 6.3935 -78.6976
v 54.6204 6.6635 -77.1694
v 51.678 6.3935 -81.526
v 53.2062 6.6635 -79.9979
v 52.3852 6.3935 -82.2331
v 53.9133 6.6635 -80.705
v 53.0923 6.3935 -81.526
v 54.6204 6.6635 -79.9979
v 54.5065 6.3935 -80.1118
v 56.0346 6.6635 -78.5837
v 10.2647 6.76093 -151.331
v 10.8577 7.05817 -150.658
v 46.1026 -4.09447 -144.921
v 47.1784 -3.17351 -143.885
v 46.4783 -4.06971 -144.253
v 46.8163 -3.73171 -143.915
v 46.8019 -4.06971 -144.491
v 47.1399 -3.73171 -144.153
v 46.6846 -4.06971 -144.868
v 47.0226 -3.73171 -144.53
v 46.2599 -4.06971 -144.88
v 46.5979 -3.73171 -144.542
v 46.1425 -4.06971 -144.488
v 46.4805 -3.73171 -144.15
v 12.7475 6.80014 -155.601
v 13.2618 7.08364 -155.022
v 50.4575 -4.5586 -32.0543
v 51.9773 -4.2886 -30.5345
v 50.9709 -4.60648 -31.3215
v 52.4991 -4.33648 -29.7933
v 53.5294 -4.55967 -32.8519
v 55.0445 -4.28967 -31.3368
v 53.6715 -4.55787 -31.2471
v 55.2006 -4.23453 -29.7181
v 52.9824 -4.55967 -31.9113
v 54.4955 -4.28967 -30.3982
v 52.061 -4.55967 -32.8606
v 53.5892 -4.28967 -31.3325
v 52.2647 -4.55983 -30.1307
v 53.7796 -4.28983 -28.6158
v 51.678 -4.60648 -30.6144
v 53.2062 -4.33648 -29.0862
v 50.9709 -4.60648 -32.7357
v 52.4991 -4.33648 -31.2075
v 52.3852 -4.60648 -31.3215
v 53.9133 -4.33648 -29.7933
v 53.0923 -4.60648 -30.6144
v 54.6204 -4.33648 -29.0862
v 51.678 -4.60648 -33.4428
v 53.2062 -4.33648 -31.9146
v 52.3852 -4.60648 -34.1499
v 53.9133 -4.33648 -32.6217
v 53.0923 -4.60648 -33.4428
v 54.6204 -4.33648 -31.9146
v 54.5065 -4.60648 -32.0286
v 56.0346 -4.33648 -30.5004
v 55.2009 -4.5586 -27.2617
v 56.7206 -4.2886 -25.7419
v 55.9337 -4.60649 -27.7834
v 57.4618 -4.33648 -26.2553
v 54.4032 -4.55967 -30.3289
v 55.9183 -4.28967 -28.8137
v 56.008 -4.55787 -30.485
v 57.537 -4.23453 -28.9559
v 55.3439 -4.55967 -29.7798
v 56.8569 -4.28967 -28.2668
v 54.3945 -4.55967 -28.8735
v 55.9226 -4.28967 -27.3454
v 57.1245 -4.55983 -29.0639
v 58.6393 -4.28983 -27.5491
v 56.6408 -4.60648 -28.4905
v 58.1689 -4.33648 -26.9624
v 54.5194 -4.60649 -27.7834
v 56.0476 -4.33648 -26.2553
v 55.9337 -4.60648 -29.1977
v 57.4618 -4.33648 -27.6695
v 56.6408 -4.60648 -29.9048
v 58.1689 -4.33648 -28.3766
v 53.8123 -4.60649 -28.4905
v 55.3405 -4.33648 -26.9624
v 53.1052 -4.60648 -29.1977
v 54.6334 -4.33648 -27.6695
v 53.8123 -4.60648 -29.9048
v 55.3405 -4.33648 -28.3766
v 55.2266 -4.60648 -31.319
v 56.7547 -4.33648 -29.7908
v 54.7002 -4.5586 -36.2969
v 56.22 -4.2886 -34.7771
v 55.2136 -4.60648 -35.5641
v 56.7417 -4.33648 -34.036
v 57.772 -4.55967 -37.0946
v 59.2872 -4.28967 -35.5794
v 57.9142 -4.55787 -35.4898
v 59.4433 -4.23453 -33.9607
v 57.2251 -4.55967 -36.1539
v 58.7381 -4.28967 -34.6409
v 56.3037 -4.55967 -37.1033
v 57.8318 -4.28967 -35.5751
v 56.5074 -4.55983 -34.3733
v 58.0222 -4.28983 -32.8585
v 55.9207 -4.60648 -34.857
v 57.4488 -4.33648 -33.3289
v 55.2136 -4.60648 -36.9783
v 56.7417 -4.33648 -35.4502
v 56.6278 -4.60648 -35.5641
v 58.1559 -4.33648 -34.036
v 57.3349 -4.60648 -34.857
v 58.863 -4.33648 -33.3289
v 55.9207 -4.60648 -37.6854
v 57.4488 -4.33648 -36.1573
v 56.6278 -4.60648 -38.3925
v 58.1559 -4.33648 -36.8644
v 57.3349 -4.60648 -37.6854
v 58.863 -4.33648 -36.1573
v 58.7491 -4.60648 -36.2712
v 60.2773 -4.33648 -34.7431
v -1.69738 2.1003 -168.802
v -1.15506 2.80583 -168.211
v 30.2343 -8.88402 -91.6275
v 30.6596 -8.34604 -91.2022
v 84.4723 -3.13638 -48.3128
v 84.9723 -1.80638 -47.8128
v 84.5229 -2.03125 -48.2643
v 84.9192 -1.62055 -47.8606
v 4.04426 -5.11002 -66.4122
v 4.47315 -4.40449 -65.8305
v 11.3758 7.22741 -152.205
v 12.2004 7.52373 -151.789
v 11.4154 7.13276 -152.125
v 11.7613 7.55768 -151.387
v 11.2532 6.78305 -152.056
v 11.742 7.45813 -151.356
v 45.2661 -4.09505 -144.409
v 46.0174 -3.76862 -143.725
v 44.7711 -4.11697 -144.658
v 45.5833 -3.86996 -143.863
v 44.884 -4.11306 -144.489
v 45.6618 -3.8667 -143.788
v 45.3227 -4.10455 -144.868
v 45.8172 -3.87166 -144.365
v 45.1101 -4.11173 -143.847
v 45.5773 -3.87601 -143.317
v 45.7395 -4.11051 -144.582
v 46.2421 -3.87762 -144.087
v 45.0645 -4.01495 -144.373
v 45.4915 -3.77364 -143.896
v 45.3879 -4.07456 -145.01
v 46.1531 -3.81915 -144.318
v 45.3515 -4.09621 -144.87
v 45.8137 -3.76682 -144.34
v 31.1592 -8.88241 -90.5565
v 31.6713 -8.30638 -90.0604
v 18.3728 -11.0579 -106.483
v 19.5448 -10.1603 -105.311
v -16.4109 -0.145614 -162.293
v -15.9109 1.18439 -161.793
v -16.3582 0.959519 -162.249
v -15.9638 1.37021 -161.835
v 10.5413 5.84331 -150.55
v 11.7153 6.74089 -149.383
v 28.5682 -5.11 -84.723
v 29.7422 -4.21242 -83.5569
v 12.3245 6.73444 -155.633
v 12.7795 7.0271 -155.178
v 18.7416 -9.49486 -105.959
v 19.3716 -8.94286 -105.222
v 18.9616 -9.49486 -106.478
v 19.5916 -8.94286 -105.742
v 18.7006 -11.1695 -107.077
v 20.0457 -7.37734 -105.598
v 18.2887 -11.1695 -106.105
v 19.6338 -7.37734 -104.626
v -0.0837812 -5.11187 -64.9555
v 0.416219 -3.78187 -64.4555
v -0.0430333 -4.00673 -64.9099
v 0.375188 -3.59604 -64.4998
v 6.07965 6.78254 -130.57
v 6.7207 7.0218 -129.937
v 5.78936 6.78107 -130.321
v 6.44088 7.02133 -129.726
v 5.96831 6.784 -130.346
v 6.49154 7.02377 -129.74
v 6.38234 6.785 -130.125
v 6.86121 7.01679 -129.655
v 6.14521 6.88186 -130.786
v 6.57115 7.11153 -130.386
v 6.0158 6.78879 -130.251
v 6.44808 7.01846 -129.827
v 5.74936 6.78254 -130.792
v 6.22681 7.0218 -130.222
v 5.78327 6.79427 -130.621
v 6.25044 7.02606 -130.191
v 29.8735 -8.235 -91.9629
v 31.0382 -7.33743 -90.789
v 33.6969 3.88999 -118.477
v 34.9128 4.15999 -117.26
v 6.20261 -1.17673 -161.256
v 7.28381 -0.279157 -160.236
v -22.4203 2.12455 -158.322
v -21.2471 3.02213 -157.151
v 6.35654 5.82146 -138.541
v 7.52823 6.71904 -137.387
v 4.59198 -4.17736 -66.9044
v 5.74584 -3.70484 -65.7506
v 30.0511 -10.0807 -91.8565
v 30.3997 -9.57466 -91.5067
v 25.1342 -1.47557 -129.897
v 25.7987 -1.07057 -129.417
v 25.2349 -1.27716 -129.844
v 25.7464 -0.977157 -129.483
v 58.4535 -1.70673 -42.0191
v 58.7191 -1.17713 -41.7535
v 58.4535 -1.41192 -42.0191
v 58.7191 -0.794315 -41.7535
v 58.4535 -1.04779 -42.0191
v 58.7191 -0.430194 -41.7535
v 58.4535 -0.667627 -42.0191
v 58.7191 -0.0500275 -41.7535
v 58.4535 -0.294343 -42.0191
v 58.7191 0.323256 -41.7535
v 58.4535 0.0879248 -42.0191
v 58.7191 0.705525 -41.7535
v 58.4535 0.460308 -42.0191
v 58.7191 1.07791 -41.7535
v 58.4535 0.835089 -42.0191
v 58.7191 1.45269 -41.7535
v 58.4535 1.20141 -42.0191
v 58.7191 1.81901 -41.7535
v 58.4535 1.58857 -42.0191
v 58.7191 2.20617 -41.7535
v 58.4535 1.95612 -42.0191
v 58.7191 2.56572 -41.7535
v 58.3524 0.0686026 -41.9436
v 58.6804 0.740603 -41.6156
v 58.3836 0.474542 -41.9124
v 58.6492 1.08414 -41.6468
v 58.3836 0.849418 -41.9124
v 58.6492 1.45902 -41.6468
v 58.3836 1.22364 -41.9124
v 58.6492 1.83324 -41.6468
v 58.3836 1.60456 -41.9124
v 58.6492 2.21416 -41.6468
v 58.3836 1.96858 -41.9124
v 58.6492 2.57818 -41.6468
v 58.337 -2.56982 -42.1259
v 58.8198 -2.0026 -41.6348
v 58.282 -1.80105 -42.1689
v 58.8748 -1.42699 -41.5918
v 58.282 -2.22194 -42.1689
v 58.8748 -1.58072 -41.5918
v 30.8999 -11.11 -92.9467
v 32.0737 -10.2124 -91.7852
v 28.1841 -5.11 -85.3583
v 29.2754 -4.21242 -84.2236
v 36.4479 -1.46419 -156.707
v 36.8567 -1.18069 -156.166
v 36.2102 -5.12628 -50.5509
v 37.2222 -4.22871 -49.6157
v -19.4852 2.10509 -154.86
v -18.9747 2.69107 -154.349
v 5.44616 5.83166 -133.372
v 6.49666 6.75263 -132.298
v 5.47797 5.85642 -132.984
v 5.81597 6.19442 -132.646
v 5.73423 5.85642 -132.675
v 6.07223 6.19442 -132.337
v 6.10411 5.85642 -132.814
v 6.44211 6.19442 -132.476
v 6.09081 5.85642 -133.239
v 6.42881 6.19442 -132.901
v 5.6921 5.85642 -133.333
v 6.03009 6.19442 -132.995
v -2.89285 1.48557 -149.72
v -2.27224 2.03757 -148.98
v -3.0863 1.48557 -150.25
v -2.46569 2.03757 -149.51
v -3.51633 -0.18905 -150.843
v -2.20546 3.60309 -149.382
v -3.15413 -0.18905 -149.851
v -1.84326 3.60309 -148.39
v 103.872 -0.0281095 -12.7766
v 104.898 1.24384 -11.7494
v 76.3132 4.44143 18.6971
v 77.8324 4.71143 20.2164
v 76.8238 4.39355 19.4314
v 78.352 4.66355 20.9595
v 79.3878 4.44036 17.9098
v 80.9023 4.71036 19.4244
v 79.5242 4.44216 19.5149
v 81.0532 4.7655 21.0439
v 78.837 4.44036 18.848
v 80.3507 4.71036 20.3617
v 77.9191 4.44036 17.8959
v 79.4473 4.71036 19.4241
v 78.1139 4.4402 20.6268
v 79.6281 4.7102 22.1411
v 77.5285 4.39354 20.1409
v 79.0567 4.66355 21.669
v 76.8286 4.39355 18.0172
v 78.3567 4.66355 19.5453
v 78.238 4.39355 19.4362
v 79.7662 4.66355 20.9643
v 78.9428 4.39354 20.1456
v 80.4709 4.66355 21.6738
v 77.5381 4.39355 17.3125
v 79.0662 4.66355 18.8406
v 78.2476 4.39355 16.6078
v 79.7757 4.66355 18.1359
v 78.9523 4.39355 17.3172
v 80.4804 4.66355 18.8454
v 80.3617 4.39355 18.7362
v 81.8899 4.66355 20.2644
v 25.5354 -1.45919 -130.174
v 26.0384 -0.75366 -129.578
v 4.33549 -0.255502 -156.319
v 4.70011 0.250574 -155.951
v -6.28816 5.82038 -136.34
v -5.78816 7.15038 -135.84
v -6.23967 6.92551 -136.287
v -5.83594 7.33621 -135.891
v 49.2142 7.44152 37.1913
v 50.7335 7.71153 38.7106
v 48.471 7.39364 37.702
v 49.9992 7.66365 39.2301
v 50.0062 7.44047 40.2659
v 51.5207 7.71048 41.7804
v 48.3867 7.44229 40.4023
v 49.9157 7.76562 41.9314
v 49.0689 7.44047 39.7151
v 50.5825 7.71048 41.2288
v 50.0065 7.44046 38.7973
v 51.5346 7.71047 40.3254
v 47.2895 7.44031 38.9921
v 48.8037 7.71032 40.5063
v 47.7616 7.39365 38.4067
v 49.2897 7.66366 39.9348
v 49.8852 7.39364 37.7068
v 51.4134 7.66365 39.2349
v 48.4663 7.39365 39.1162
v 49.9944 7.66366 40.6443
v 47.7568 7.39366 39.8209
v 49.2849 7.66367 41.349
v 50.59 7.39365 38.4162
v 52.1181 7.66365 39.9444
v 51.2947 7.39365 39.1257
v 52.8228 7.66366 40.6539
v 50.5852 7.39366 39.8304
v 52.1133 7.66366 41.3586
v 49.1662 7.39367 41.2399
v 50.6944 7.66368 42.768
v -6.64577 -0.168103 -165.045
v -6.10279 0.537429 -164.455
v -3.86957 -0.16311 -164.345
v -2.9055 0.457213 -163.406
v -6.37618 -0.153663 -164.764
v -5.696 0.143582 -164.038
v -6.34535 -0.0743198 -164.629
v -5.69751 0.222925 -164.071
v -6.01078 -0.166225 -163.549
v -4.9401 0.754741 -162.491
v -5.47201 -0.141466 -162.859
v -5.13401 0.196534 -162.521
v -5.3104 -0.141466 -163.227
v -4.9724 0.196534 -162.889
v -5.60078 -0.141466 -163.495
v -5.26278 0.196534 -163.157
v -5.97471 -0.141466 -163.293
v -5.63671 0.196534 -162.955
v -5.88011 -0.141466 -162.895
v -5.54211 0.196534 -162.557
v -3.26134 0.767174 -164.782
v -2.84101 1.42649 -164.366
v -0.514198 -5.11187 -65.4254
v -0.0141975 -3.78187 -64.9254
v -0.470145 -4.00673 -65.3724
v -0.0566273 -3.59604 -64.9784
v 1.70913 -2.1407 -134.184
v 2.20913 -0.810698 -133.684
v 1.75762 -1.03556 -134.131
v 2.16135 -0.624869 -133.735
v 69.3893 -2.4663 -44.6138
v 70.6378 -1.96633 -43.4754
v 30.7712 -8.88241 -91.1178
v 31.2734 -8.30638 -90.6207
v 31.9278 -10.7292 -90.023
v 32.4346 -10.1531 -89.5283
v -19.6415 0.726198 -156.647
v -19.2162 1.26418 -156.222
v 6.56177 6.79506 -130.823
v 7.15477 7.09231 -130.15
v 15.2861 7.14315 -148.494
v 15.9261 7.42958 -147.83
v 15.253 7.06301 -148.504
v 15.9613 7.36025 -147.768
v 15.3048 6.94177 -148.446
v 15.9299 7.27682 -147.829
v 15.2912 6.80922 -148.445
v 15.9654 7.15996 -147.766
v 15.95 6.80901 -147.878
v 16.686 7.10625 -147.149
v 15.9773 6.88719 -147.806
v 16.6832 7.18444 -147.07
v 15.6012 6.89095 -148.117
v 16.2636 7.17738 -147.457
v 15.591 6.8108 -148.149
v 16.3254 7.10805 -147.417
v 30.0363 -8.85979 -91.888
v 30.3826 -8.35371 -91.5379
v 3.65634 -0.192762 -157.228
v 4.65917 0.58255 -156.225
v -2.27643 2.04982 -169.2
v -1.0291 2.5498 -168.033
v 11.0352 5.81254 -156.18
v 11.5438 6.38857 -155.669
v -19.3709 2.10509 -154.77
v -18.8742 2.73587 -154.272
v -8.3283 -5.12182 -79.5287
v -7.24703 -4.85182 -78.4487
v -4.97299 0.741873 -146.741
v -4.54767 1.27985 -146.316
v 5.33578 -2.88224 -66.9088
v 5.74969 -2.22292 -66.4879
v 12.8487 6.738 -155.55
v 13.3867 7.0215 -154.972
v 12.3131 6.7349 -155.784
v 12.7725 7.13816 -155.328
v 50.4518 0.8667 30.9682
v 50.9518 2.1967 31.4682
v 50.4942 1.97183 31.0126
v 50.9094 2.38253 31.4222
v -8.5612 -0.166674 -157.564
v -7.48747 0.754292 -156.517
v -8.42326 -0.141915 -156.902
v -8.08526 0.196085 -156.564
v -8.02269 -0.141915 -156.878
v -7.68469 0.196085 -156.54
v -7.8713 -0.141915 -157.243
v -7.5333 0.196085 -156.905
v -8.19 -0.141915 -157.524
v -7.852 0.196085 -157.186
v -8.53121 -0.141915 -157.298
v -8.19321 0.196085 -156.96
v 30.6021 3.88999 -117.869
v 31.6169 4.15999 -116.855
v 35.3873 -1.05053 -156.481
v 35.8372 -0.767031 -155.919
v 84.3184 -3.13638 -47.9704
v 84.8184 -1.80638 -47.4704
v 84.3669 -2.03125 -47.9173
v 84.7707 -1.62055 -47.521
v 4.33028 5.85965 -126.464
v 5.50197 6.75723 -125.31
v 12.0919 6.73444 -155.722
v 12.5468 7.0271 -155.267
v 42.8477 -4.11825 -145.024
v 43.3983 -3.87258 -144.347
v 42.7441 -4.12021 -144.594
v 43.4554 -3.8732 -143.803
v 42.7913 -4.1163 -144.729
v 43.5731 -3.86994 -143.931
v 42.3852 -4.10779 -144.674
v 42.8777 -3.8749 -144.22
v 43.4161 -4.11497 -144.819
v 43.947 -3.87925 -144.351
v 42.527 -4.11375 -145.185
v 42.9814 -3.88086 -144.692
v 42.9503 -4.10992 -144.54
v 43.4252 -3.87703 -144.117
v 42.1139 -4.11825 -144.883
v 42.8967 -3.87258 -144.116
v 42.3495 -4.11011 -144.707
v 42.9132 -3.87439 -144.171
v 5.12786 -0.221071 -155.449
v 5.52457 0.438249 -155.093
v 29.7326 -10.1672 -92.2638
v 30.913 -9.66722 -91.0188
v 100.373 -0.0389318 -8.7489
v 101.793 0.749137 -7.75067
v 28.6016 -5.11 -86.0413
v 29.7756 -4.21242 -84.8753
v 82.3128 0.895631 10.7947
v 82.8128 2.22563 11.2947
v 82.3654 2.00076 10.8373
v 82.761 2.41146 11.2503
v 100.948 -0.11 -7.01584
v 101.883 1.16195 -6.07497
v 56.2909 -4.50076 -49.2469
v 56.7337 -4.09577 -48.5745
v 56.3434 -4.30235 -49.1446
v 56.6742 -4.00235 -48.6268
v 12.6468 6.738 -155.777
v 13.1869 7.0215 -155.199
v 13.3999 6.7422 -153.563
v 14.1139 7.03944 -152.906
v -16.096 -0.145614 -162.182
v -15.596 1.18439 -161.682
v -16.0476 0.959519 -162.129
v -15.6438 1.37021 -161.732
v 45.8632 0.866541 16.8464
v 46.3632 2.19654 17.3464
v 45.9158 1.97167 16.889
v 46.3114 2.38237 17.3021
v 4.13236 -2.17595 -91.7133
v 4.65581 -1.05357 -90.6646
v 4.17455 -1.34027 -90.9656
v 4.57406 -0.885771 -90.5164
v 6.69336 5.83376 -153.342
v 7.76918 6.75473 -152.305
v 7.06913 5.85852 -152.674
v 7.40713 6.19652 -152.336
v 7.39276 5.85852 -152.911
v 7.73076 6.19652 -152.573
v 7.27544 5.85852 -153.289
v 7.61344 6.19652 -152.951
v 6.85068 5.85852 -153.301
v 7.18867 6.19652 -152.963
v 6.73336 5.85852 -152.908
v 7.07136 6.19652 -152.57
v 38.5707 2.85861 18.0764
v 39.0707 4.18861 18.5764
v 38.6086 3.96375 18.1241
v 39.0313 4.37444 18.529
v -18.3163 -2.13181 -101.785
v -17.2601 -1.86181 -100.73
v 31.4274 -8.88241 -90.4126
v 31.927 -8.30638 -89.9129
v 29.8761 -4.835 -87.5115
v 31.0967 -4.33502 -86.2869
v 82.4111 -2.01001 -45.5541
v 83.6179 -1.51003 -44.5723
v -1.65606 0.752374 -143.735
v -1.23074 1.29035 -143.31
v -16.9298 3.6042 -158.299
v -16.6396 4.2574 -158.008
v -16.9298 4.00957 -158.299
v -16.6396 4.78377 -158.008
v -16.9298 4.51024 -158.299
v -16.6396 5.28444 -158.008
v -16.9298 5.03297 -158.299
v -16.6396 5.80717 -158.008
v -16.9298 5.54623 -158.299
v -16.6396 6.32043 -158.008
v -16.9298 6.07185 -158.299
v -16.6396 6.84605 -158.008
v -16.9298 6.58388 -158.299
v -16.6396 7.35808 -158.008
v -16.9298 7.0992 -158.299
v -16.6396 7.8734 -158.008
v -16.9298 7.60289 -158.299
v -16.6396 8.37709 -158.008
v -16.9298 8.13524 -158.299
v -16.6396 8.90944 -158.008
v -16.9298 8.64062 -158.299
v -16.6396 9.40382 -158.008
v -17.1434 6.04528 -158.382
v -16.7674 6.89428 -158.006
v -17.1005 6.60345 -158.339
v -16.8103 7.36665 -158.049
v -17.1005 7.1189 -158.339
v -16.8103 7.8821 -158.049
v -17.1005 7.63346 -158.339
v -16.8103 8.39666 -158.049
v -17.1005 8.15722 -158.339
v -16.8103 8.92042 -158.049
v -17.1005 8.65775 -158.339
v -16.8103 9.42096 -158.049
v -17.054 2.4212 -158.409
v -16.5381 3.11863 -157.913
v -17.0928 3.47826 -158.476
v -16.4994 3.91009 -157.846
v -17.0928 2.89953 -158.476
v -16.4994 3.69871 -157.846
v 27.8861 -11.1214 -119.369
v 28.9235 -10.8048 -118.806
v -1.24566 0.730308 -143.608
v -0.88048 1.23638 -143.24
v 31.0294 -4.185 -87.906
v 31.6111 -3.47946 -87.4771
v 44.4542 -0.558613 -143.381
v 45.9739 -0.288612 -141.861
v 43.713 -0.606497 -142.868
v 45.2411 -0.336497 -141.34
v 45.2565 -0.559686 -140.309
v 46.7716 -0.289686 -138.794
v 43.6377 -0.55788 -140.167
v 45.1668 -0.234541 -138.638
v 44.3179 -0.559686 -140.856
v 45.8309 -0.289686 -139.343
v 45.2521 -0.559686 -141.778
v 46.7803 -0.289685 -140.25
v 42.5355 -0.559843 -141.574
v 44.0503 -0.289843 -140.059
v 43.0059 -0.606497 -142.161
v 44.534 -0.336497 -140.633
v 45.1272 -0.606497 -142.868
v 46.6553 -0.336496 -141.34
v 43.713 -0.606497 -141.454
v 45.2411 -0.336497 -139.925
v 43.0059 -0.606497 -140.747
v 44.534 -0.336497 -139.218
v 45.8343 -0.606497 -142.161
v 47.3624 -0.336496 -140.633
v 46.5414 -0.606497 -141.454
v 48.0696 -0.336497 -139.925
v 45.8343 -0.606497 -140.747
v 47.3624 -0.336497 -139.218
v 44.4201 -0.606497 -139.332
v 45.9482 -0.336497 -137.804
v 30.9529 -10.8436 -90.7872
v 31.4344 -10.2676 -90.28
v -22.5629 -0.171565 -160.939
v -21.499 0.726011 -159.941
v -8.89507 -0.190297 -157.044
v -8.13278 0.0553749 -156.358
v -9.37346 -0.152027 -157.288
v -8.56128 0.155182 -156.504
v -9.25804 -0.188352 -157.116
v -8.48022 0.0580099 -156.416
v -8.81932 -0.179839 -157.496
v -8.3248 0.0530509 -156.993
v -9.03191 -0.10107 -156.475
v -8.56468 0.13465 -155.945
v -8.40248 -0.185796 -157.21
v -7.89985 0.0470945 -156.715
v -9.08363 -0.181972 -156.999
v -8.6609 0.0509184 -156.524
v -8.8704 -0.190297 -157.713
v -8.08895 0.0553749 -156.977
v 30.2563 -10.3601 -92.7502
v 30.857 -9.85979 -92.1002
v 30.8695 -9.54742 -90.6928
v 31.3778 -8.97139 -90.1824
v 40.9218 -3.52061 -50.5922
v 41.6106 -2.96861 -49.8943
v 41.3075 -3.52061 -51.0036
v 41.9963 -2.96861 -50.3057
v 41.0713 -5.19523 -51.5908
v 42.5711 -1.40309 -50.0796
v 40.3492 -5.19523 -50.8206
v 41.8489 -1.40309 -49.3093
v 13.4197 6.82143 -153.511
v 14.0645 7.10786 -152.915
v 30.2589 -9.53402 -91.543
v 30.6842 -8.99604 -91.1177
v -23.7179 -3.13181 -98.0304
v -22.4242 -2.86181 -96.7373
v 12.3413 6.87471 -155.632
v 12.7927 7.22001 -155.19
v -16.5592 0.720038 -152.814
v -16.2087 1.22611 -152.463
v -6.41701 0.550899 -148.868
v -5.82527 1.25643 -148.401
v 95.8793 2.88326 -23.5495
v 97.0906 3.38326 -22.6217
v 95.6898 2.93628 -23.6597
v 96.1444 3.33023 -23.2226
v 42.7742 -5.09261 -55.7843
v 43.8374 -4.17164 -54.7152
v 43.1835 -5.06785 -55.0866
v 43.5215 -4.72985 -54.7486
v 43.4618 -5.06785 -55.3758
v 43.7997 -4.72985 -55.0378
v 43.2816 -5.06785 -55.7277
v 43.6196 -4.72985 -55.3897
v 42.861 -5.06785 -55.667
v 43.199 -4.72985 -55.329
v 42.8125 -5.06785 -55.2603
v 43.1505 -4.72985 -54.9223
v -20.0533 2.10488 -155.371
v -19.3256 2.57545 -154.643
v -4.92361 0.719831 -147.011
v -4.59247 1.22591 -146.676
v 12.7567 6.74 -153.264
v 13.3619 7.03725 -152.583
v 85.5038 -3.14953 5.70091
v 86.2456 -2.64953 6.99492
v 85.4657 -3.1071 6.74191
v 85.8888 -2.69358 7.19097
v 30.9117 -10.1966 -90.7675
v 31.4189 -9.62056 -90.2832
v 12.0721 6.81033 -155.724
v 12.5271 7.10299 -155.269
v 31.8248 -11.0875 -90.1045
v 32.3333 -10.5114 -89.5936
v 16.471 7.89315 -147.245
v 17.1109 8.17959 -146.581
v 16.4379 7.81301 -147.255
v 17.1462 8.11025 -146.519
v 16.4897 7.69177 -147.197
v 17.1147 8.02682 -146.579
v 16.4761 7.55922 -147.195
v 17.1503 7.90996 -146.516
v 16.193 7.55901 -147.625
v 16.9224 7.85625 -146.889
v 16.1139 7.63719 -147.598
v 16.8495 7.93444 -146.892
v 15.9697 7.55502 -147.687
v 16.4705 8.1858 -147.193
v 15.8704 7.55502 -147.744
v 16.3584 8.1858 -147.238
v 15.6294 7.55158 -148.002
v 16.3176 8.11847 -147.315
v 15.5644 7.55634 -148.056
v 16.0629 8.18712 -147.56
v 15.2598 7.56067 -148.36
v 15.7714 8.17085 -147.844
v 15.3434 7.64095 -148.315
v 16.0036 7.92738 -147.653
v 15.3037 7.5608 -148.326
v 16.0356 7.85805 -147.591
v 5.60938 -1.16409 -155.876
v 6.10938 0.165905 -155.376
v 5.64736 -0.0589612 -155.828
v 6.06996 0.351734 -155.424
v 5.42177 -2.88224 -67.0488
v 6.01282 -2.1767 -66.5065
v 16.3445 6.7995 -147.347
v 16.695 7.30558 -146.995
v 29.5697 -4.185 -87.2426
v 30.8106 -3.68502 -86.0488
v 30.0634 -9.53468 -91.7335
v 30.5692 -8.95864 -91.2463
v -6.62109 5.82038 -136.376
v -6.12109 7.15038 -135.876
v -6.5726 6.92551 -136.323
v -6.16887 7.33621 -135.926
v 47.732 -10.1119 -92.1498
v 48.232 -8.78188 -91.6498
v 47.77 -9.00675 -92.1018
v 48.1926 -8.59605 -91.6974
v -2.22022 2.03675 -169.239
v -1.79932 2.69607 -168.825
v 11.2625 6.73979 -151.519
v 11.8068 7.37058 -151.147
v 11.1218 6.73776 -151.417
v 11.7483 7.08851 -150.861
v 11.1223 6.87285 -151.417
v 11.7488 7.22359 -150.861
v 11.1027 7.00805 -151.417
v 11.7442 7.35879 -150.839
v 11.2112 7.15346 -151.551
v 11.8049 7.47386 -150.895
v 11.1819 7.24972 -151.465
v 11.8586 7.54696 -150.867
v 11.1925 7.32762 -151.452
v 11.8194 7.67837 -150.895
v 11.2156 7.45933 -151.428
v 11.9317 7.75658 -150.767
v 11.2193 7.54 -151.395
v 11.8834 7.83725 -150.814
v 11.2405 7.61935 -151.51
v 11.9338 7.91659 -150.778
v -5.0966 0.719831 -146.961
v -4.73232 1.22591 -146.595
v 44.6199 1.51763 -143.456
v 45.2909 1.85667 -143.044
v 52.1539 10.1617 -145.329
v 59.6947 11.727 -137.788
v 52.1606 11.6425 -145.309
v 59.6746 13.2185 -137.795
v 46.6918 33.8964 -139.882
v 54.324 35.4131 -132.25
v 46.6053 35.456 -139.947
v 54.389 36.8462 -132.163
v 16.5348 -2.15166 -163.696
v 21.6692 3.22273 -155.979
v 16.4937 -19.6424 -163.758
v 21.7073 -13.8473 -155.95
v 14.1183 8.23967 -131.905
v 18.3589 13.4524 -127.669
v 14.0941 3.34186 -131.915
v 18.3678 8.02597 -127.641
v 10.595 1.80928 -137.126
v 15.2153 7.18367 -129.206
v 10.5628 -15.6814 -137.167
v 15.3088 -9.88632 -129.164
v 2.81752 -6.102 -72.8586
v 7.05815 -0.889296 -68.6216
v 2.7933 -6.01634 -72.8683
v 7.06699 -2.97403 -68.5946
v -5.73748 -3.102 -101.101
v -1.50053 2.1107 -96.8605
v -5.74718 -3.01634 -101.11
v -1.4735 0.0259665 -96.8363
v -2.8327 2.15102 -166.29
v 1.6452 6.50862 -163.569
v -1.37027 3.75874 -166.287
v 1.41414 6.50772 -163.579
v -0.992488 3.31464 -166.287
v 1.64971 6.05965 -163.579
v -0.992488 2.58963 -166.287
v 1.64971 5.33464 -163.579
v -1.37027 2.14155 -166.287
v 1.41414 4.89053 -163.579
v -1.98491 2.14155 -166.287
v 0.797409 4.61605 -163.579
v -2.60164 2.14155 -166.287
v 0.182769 4.89053 -163.579
v -2.83721 2.58963 -166.287
v -0.195012 5.33464 -163.579
v -2.83721 3.31464 -166.287
v -0.195012 6.05965 -163.579
v -2.60164 3.75874 -166.287
v 0.182769 6.50772 -163.579
v -1.98491 4.03322 -166.287
v 0.79741 6.50772 -163.579
v 29.7449 -6.4027 -142.196
v 39.1528 -0.972489 -132.762
v 29.8711 -5.11253 -142.072
v 39.0161 -0.976605 -132.891
v 31.3976 -5.67842 -140.569
v 36.9204 -1.51531 -134.99
v 30.8353 -4.97771 -141.14
v 35.3728 -1.23989 -136.606
v 49.5714 -4.102 -17.8078
v 53.8121 1.1107 -13.5708
v 49.5472 -4.01634 -17.8175
v 53.8209 -0.974033 -13.5438
v 35.4894 1.89018 -26.2414
v 39.73 7.10289 -22.0044
v 35.4652 1.97585 -26.2511
v 39.7389 5.01815 -21.9774
v 3.86884 -0.875287 -161.13
v 8.49046 2.73054 -156.444
v 4.14704 0.241923 -155.249
v 6.38254 2.47395 -153.042
v 4.03774 0.0976548 -155.595
v 6.33537 2.36075 -153.295
v 4.0293 -0.0676373 -155.602
v 6.58216 2.08982 -153.049
v 3.95179 -0.787356 -155.679
v 6.55086 1.97135 -153.08
v 3.80459 -1.03117 -155.826
v 6.37999 1.42034 -153.251
v 3.99005 0.409457 -155.712
v 6.36954 2.64199 -153.245
v 28.7163 -4.87692 -69.4907
v 34.8696 -0.324777 -63.3374
v 26.884 -5.42325 -71.3131
v 36.692 -1.96795 -61.5051
v 26.8812 -5.42343 -66.4885
v 31.8674 -1.54567 -61.5023
v 31.7183 -5.42033 -71.3227
v 36.7016 -1.54567 -66.3394
v 28.9107 -3.38537 -69.2963
v 34.6752 0.678849 -63.5318
v 30.9836 -3.16243 -71.1429
v 36.5218 0.709472 -65.6047
v 27.0641 -3.16243 -67.2234
v 32.6024 0.709474 -61.6852
v 27.6897 -2.39265 -70.5121
v 35.891 1.89976 -62.3108
v 33.3392 -3.09489 -71.2032
v 36.5821 1.89281 -67.9603
v 31.3965 -3.37243 -70.5288
v 35.9077 -0.337048 -66.0176
v 27.6782 -3.37243 -66.8105
v 32.1894 -0.337044 -62.2993
v 27.0039 -3.09489 -64.8679
v 30.2468 1.89281 -61.625
v 26.9085 -6.03174 -71.2986
v 36.6775 2.02279 -61.5296
v 26.3147 -4.06977 -64.9433
v 30.3218 -0.580206 -60.9361
v 33.2641 -4.06977 -71.8917
v 37.2149 -0.580206 -67.8849
v 72.0328 -2.88864 -26.5376
v 78.186 1.6635 -20.3843
v 70.2104 -3.43496 -28.3699
v 80.0184 0.0203272 -18.5619
v 75.035 -3.43515 -28.3727
v 80.0211 0.442611 -23.3865
v 70.2007 -3.43205 -23.5356
v 75.1841 0.442607 -18.5523
v 72.2271 -1.39709 -26.3432
v 77.9916 2.66713 -20.5787
v 70.3805 -1.17415 -24.2703
v 75.9188 2.69775 -18.7321
v 74.3 -1.17414 -28.1898
v 79.8382 2.69776 -22.6516
v 71.0113 -0.404369 -27.5642
v 79.2127 3.88804 -19.3629
v 70.3203 -1.10661 -21.9147
v 73.5632 3.88109 -18.6718
v 70.9946 -1.38415 -23.8574
v 75.5058 1.65123 -19.3462
v 74.7129 -1.38415 -27.5757
v 79.2241 1.65124 -23.0645
v 76.6556 -1.1066 -28.25
v 79.8985 3.8811 -25.0071
v 70.2249 -4.04346 -28.3454
v 79.9939 4.01107 -18.5765
v 76.5805 -2.08148 -28.9389
v 80.5877 1.40808 -24.9317
v 69.6875 -2.08148 -21.9901
v 73.6383 1.40808 -17.9833
v 14.9379 6.19112 -158.329
v 19.4865 9.79695 -153.577
v -8.09512 -0.173242 -158.709
v -6.89512 2.02676 -157.509
v 96.3607 -3.08948 23.6914
v 96.8364 -2.68448 24.357
v 46.4954 0.885708 25.7355
v 46.9155 1.29071 26.4101
v 41.3385 -5.12062 -59.7084
v 41.8142 -4.71562 -59.0429
v 96.4132 -2.89106 23.7437
v 96.7708 -2.59106 24.256
v 46.5507 1.08413 25.8381
v 46.863 1.38413 26.3578
v 41.3909 -4.9222 -59.6561
v 41.7485 -4.6222 -59.1438
v 69.0749 -9.40595 -43.1411
v 70.4851 -8.99174 -41.6786
v 64.3717 -9.42947 -38.4295
v 65.8335 -9.01527 -37.0184
v 71.4143 -9.42559 -25.9683
v 72.821 -9.01138 -24.5033
v 71.9326 -9.42947 -40.156
v 73.3945 -9.01526 -38.745
v 72.8472 -9.42601 -27.3138
v 74.3117 -9.0118 -25.9061
v 65.7948 -9.42947 -36.9792
v 67.2566 -9.01527 -35.5681
v 61.5121 -9.68268 -26.8236
v 62.9797 -9.26848 -25.4255
v 72.5678 -9.59988 -38.0477
v 74.0296 -9.18567 -36.6366
v 74.7486 -9.39094 -37.3166
v 76.2104 -8.97673 -35.9055
v 61.5121 -9.5175 -26.8236
v 62.9797 -9.10329 -25.4255
v -6.19557 1.00176 -148.496
v -5.11527 1.60387 -147.623
v 20.1182 -11.1079 -106.552
v 21.1246 -10.5057 -105.386
v 53.083 2.0115 -135.449
v 54.2315 2.61361 -134.473
v 12.2112 5.82411 -161.072
v 13.4152 6.42622 -159.836
v 43.8795 -3.19542 -145.831
v 45.1158 -2.5933 -144.629
v 27.7152 -11.11 -120.474
v 28.8942 -10.5079 -119.236
v 5.29132 8.14901 -125.17
v 6.52582 8.75113 -124.008
v -2.2883 0.0848599 -169.179
v -1.08509 0.686975 -167.943
v 4.45352 -4.83412 -66.9769
v 5.6896 -4.23201 -65.7737
v 48.7129 -4.11979 -143.182
v 49.5282 -3.23693 -142.657
v 10.5195 5.84676 -152.869
v 11.1922 6.72962 -151.996
v -1.56496 -0.17176 -145.178
v -0.79402 0.7111 -144.293
v 10.6811 6.70795 -124.702
v 11.5435 7.59081 -123.861
v 6.58393 6.79738 -131.683
v 7.60768 7.319 -130.706
v 7.87334 6.72356 -123.396
v 8.53432 7.60642 -122.526
v 99.8629 -0.109998 -6.86202
v 100.715 0.772862 -6.00885
v -6.40726 -0.173437 -165.218
v -5.52179 0.709423 -164.469
v 13.5367 5.82857 -153.228
v 14.2562 6.71143 -152.345
v 47.6392 -3.20424 -145.491
v 48.4946 -2.32138 -144.64
v -19.0497 0.720163 -155.256
v -18.1646 1.60302 -154.483
v 9.84208 5.86551 -152.621
v 10.9038 6.38713 -151.532
v 35.4433 -0.932942 -157.324
v 36.3776 -0.411322 -156.336
v -7.79846 -0.167042 -156.709
v -6.9361 0.715818 -155.867
v -6.80989 0.546027 -148.768
v -6.19968 1.25231 -147.787
v 5.107 -4.83412 -67.2339
v 6.06237 -4.12784 -66.2202
v 71.5781 -9.57377 -39.1515
v 72.1521 -8.86748 -38.1859
v -2.54528 0.0848599 -169.552
v -1.53161 0.791147 -168.596
v -4.53834 1.38297 -169.466
v -3.44851 2.41334 -168.558
v -4.35671 1.94856 -169.542
v -3.56024 2.75113 -168.73
v -4.95062 1.00811 -169.864
v -2.88046 2.52856 -168.541
v -3.86027 0.327303 -169.749
v -3.12134 1.27067 -168.957
v -4.5182 0.791363 -169.947
v -3.26961 2.19163 -168.714
v -4.46117 0.333799 -170.078
v -3.73457 1.43207 -169.176
v 49.3872 20.3544 -139.594
v 50.1931 22.1987 -138.787
v 53.9623 17.557 -136.968
v 55.0319 20.1323 -135.896
v 45.7459 31.9085 -133.34
v 47.0228 35.0522 -132.065
v 58.6266 8.21413 -119.677
v 59.5512 10.3833 -118.754
v 49.5824 20.452 -139.411
v 50.0053 31.9543 -138.988
v 54.2348 17.6987 -136.676
v 54.749 34.2779 -136.162
v 46.0759 32.0843 -133.002
v 46.6611 52.6122 -132.417
v 58.8677 8.33134 -119.443
v 59.3312 22.09 -118.98
v 48.4139 24.0269 -140.617
v 51.1493 25.4295 -137.882
v 52.5759 22.8822 -138.281
v 56.4433 24.8169 -134.413
v 43.9049 38.519 -135.061
v 48.6526 40.8676 -130.313
v 57.5401 12.6212 -120.845
v 60.7786 14.2603 -117.607
v 48.4613 20.9184 -139.134
v 48.8683 23.3585 -138.719
v 55.8833 18.375 -137.067
v 56.3745 21.814 -136.564
v 46.5747 32.9238 -130.955
v 47.1457 37.1399 -130.399
v 58.5447 8.89103 -120.788
v 58.9987 11.7751 -120.344
v 48.4008 20.787 -139.278
v 49.7573 21.1438 -138.376
v 54.5944 18.1843 -137.564
v 56.4623 18.6027 -136.354
v 46.3143 32.6872 -132.555
v 47.7629 33.1535 -130.29
v 58.1332 8.73328 -120.861
v 59.1723 9.11747 -119.277
v -79.4934 -63.6546 -248.108
v 192.499 104.749 109.291
v -20.8344 -0.17722 -158.168
v -19.6156 1.37111 -157.03
v -20.8595 -0.182875 -158.196
v -19.6128 1.35995 -156.992
v 50.0502 -4.36758 -68.9306
v 50.4582 -3.95958 -68.5226
v 49.9054 -4.19549 -69.0006
v 50.537 -3.02679 -68.3779
v 82.0582 2.07933 11.7929
v 83.0804 2.86509 12.8331
v 47.5198 -2.09125 -146.382
v 48.5551 -1.16166 -145.371
v 45.0736 2.74048 26.0065
v 46.2419 3.63312 27.1566
v 27.4145 -0.100373 -29.1623
v 28.0127 0.722218 -28.5642
v 64.1846 -9.00131 -40.5
v 64.7827 -8.17871 -39.9019
v 38.8996 2.87996 -34.2135
v 41.9583 4.04085 -31.1548
v 38.922 2.88996 -34.191
v 41.9361 4.0408 -31.1769
v 34.7221 -3.18216 -124.891
v 35.3202 -2.35957 -124.293
v 16.6274 7.09736 -128.391
v 17.2255 7.91995 -127.793
v 68.5815 2.87998 -52.603
v 71.6402 4.04087 -49.5443
v 68.604 2.88998 -52.5809
v 71.6181 4.04082 -49.5668
v 13.3952 6.98967 -153.609
v 13.7573 8.04468 -152.803
v 44.6174 9.82426 15.9862
v 45.2156 10.6468 16.5843
v 36.0935 0.920449 -31.3624
v 39.1076 3.95048 -28.3483
v 36.0946 0.926561 -31.3634
v 39.1108 3.97691 -28.3472
v 102.886 12.867 -21.2989
v 107.748 16.3634 -16.437
v 54.8048 -7.2387 -27.3637
v 55.2128 -6.8307 -26.9557
v 54.66 -7.06661 -27.4337
v 55.2916 -5.8979 -26.811
v 33.2651 -1.07955 -34.1909
v 36.2792 1.95048 -31.1768
v 33.2661 -1.07344 -34.1919
v 36.2824 1.97691 -31.1756
v 4.51202 1.75231 -87.5403
v 9.43083 5.28901 -82.6215
v 71.4099 2.87998 -55.4314
v 74.4686 4.04087 -52.3727
v 71.4324 2.88998 -55.4093
v 74.4465 4.04082 -52.3952
v 11.9496 7.82085 -152.585
v 13.0124 8.61215 -151.543
v 45.6983 -3.36339 -146.754
v 46.2403 -2.82139 -146.212
v 35.9041 -2.07954 -152.796
v 37.504 -0.0422319 -151.196
v 35.9055 -2.08087 -152.796
v 37.5055 -0.0230745 -151.196
v 67.9098 -3.39365 -20.2061
v 69.5591 -1.32167 -18.5568
v 68.1271 -2.05815 -19.782
v 69.2669 -1.31238 -18.8442
v 67.9896 -2.36127 -20.0647
v 68.9614 -1.9337 -19.093
v 68.7274 -2.56119 -19.8203
v 69.1343 -2.1163 -19.4133
v 68.7722 -2.56119 -19.7755
v 69.1791 -2.1163 -19.3686
v 68.8174 -2.56119 -19.7302
v 69.2244 -2.1163 -19.3233
v 68.864 -2.56119 -19.6837
v 69.2709 -2.1163 -19.2768
v 68.9092 -2.56119 -19.6384
v 69.3162 -2.1163 -19.2315
v 46.2861 4.20118 -5.59508
v 46.5061 4.42118 -5.37508
v 48.2707 -2.09125 -145.631
v 49.3059 -1.16166 -144.62
v 10.371 7.2762 -129.212
v 11.4063 8.20579 -128.201
v 101.35 -0.109997 -5.03113
v 102.522 1.11105 -3.85938
v 101.351 -0.110003 -5.11722
v 102.608 1.11 -3.86057
v -22.1011 -2.12002 -106.149
v -19.0424 -0.959127 -103.09
v -22.0786 -2.11002 -106.126
v -19.0645 -0.959182 -103.112
v -24.9295 -2.12002 -108.977
v -21.8708 -0.959128 -105.919
v -24.907 -2.11002 -108.955
v -21.8929 -0.959183 -105.941
v -27.7579 -2.12002 -111.806
v -24.6992 -0.959128 -108.747
v -27.7355 -2.11002 -111.783
v -24.7213 -0.959183 -108.769
v 17.0047 1.74769 -104.966
v 21.2662 4.91847 -100.703
v 50.2357 -1.07955 -76.6174
v 53.2498 1.95048 -73.6033
v 50.2345 -1.07344 -76.6163
v 53.2508 1.97691 -73.6001
v 94.6855 6.2699 46.9832
v 98.8241 7.43082 47.3126
v 94.7053 6.2799 47.0005
v 98.8037 7.43076 47.2953
v 92.8089 1.95196 19.6007
v 93.407 2.77455 20.1989
v 62.7955 -4.14746 -120.377
v 65.8096 -1.11743 -117.363
v 62.7966 -4.14135 -120.378
v 65.8128 -1.09099 -117.361
v 40.1272 1.82461 -148.33
v 40.7253 2.6472 -147.732
v 62.8388 -2.13001 -111.784
v 65.8975 -0.969122 -108.726
v 62.8613 -2.12001 -111.762
v 65.8754 -0.969178 -108.748
v 47.5318 0.921951 -73.7728
v 50.4052 3.81048 -70.8994
v 47.5307 0.927758 -73.7718
v 50.4062 3.83559 -70.8963
v 59.9671 -6.14746 -123.205
v 62.9812 -3.11743 -120.191
v 59.9682 -6.14135 -123.206
v 62.9844 -3.09099 -120.19
v -24.0915 0.418483 -159.326
v -23.6835 0.826483 -158.918
v -24.2363 0.590573 -159.396
v -23.6047 1.75928 -158.774
v 68.9217 3.78592 -49.8718
v 69.5198 4.60851 -49.2737
v 39.0718 3.57197 -23.8196
v 39.4798 3.97997 -23.4116
v 39.0018 3.74406 -23.8984
v 39.6245 4.91277 -23.2668
v 36.0458 2.87603 -37.0424
v 39.1303 4.04021 -33.9575
v 36.0388 2.88663 -37.0199
v 39.1082 4.04097 -33.9505
v 26.2345 4.88548 -107.656
v 26.8326 5.70807 -107.058
v -12.5952 16.1499 -145.207
v -4.58948 23.0248 -137.359
v -2.51419 -0.979935 -100.238
v -1.91606 -0.157344 -99.6398
v 66.174 -9.27288 46.2739
v 67.3979 -8.23524 47.4735
v 57.054 -7.36625 -36.8953
v 57.596 -6.82425 -36.3533
v 6.16538 -0.152273 -162.354
v 6.76351 0.670318 -161.756
v 60.0422 -2.10743 -108.897
v 63.0563 0.9226 -105.883
v 60.041 -2.10132 -108.896
v 63.0573 0.949035 -105.88
v 17.0038 4.40196 -104.234
v 19.6486 6.33068 -101.589
v 3.37421 5.80707 -145.433
v 6.43292 6.96796 -142.374
v 3.39633 5.81707 -145.41
v 6.41045 6.9679 -142.396
v 0.545781 5.80707 -142.604
v 3.60448 6.96796 -139.546
v 0.567903 5.81707 -142.582
v 3.58202 6.9679 -139.568
v -13.5967 5.80707 -148.261
v -10.538 6.96796 -145.203
v -13.5742 5.81707 -148.239
v -10.5601 6.96791 -145.225
v -10.7683 5.80707 -145.433
v -7.70956 6.96796 -142.374
v -10.7458 5.81707 -145.41
v -7.73168 6.96791 -142.396
v -7.93983 5.80707 -142.604
v -4.88114 6.96796 -139.546
v -7.91737 5.81707 -142.582
v -4.90326 6.9679 -139.568
v -5.11141 5.80707 -139.776
v -2.05271 6.96796 -136.717
v -5.08894 5.81707 -139.753
v -2.07483 6.9679 -136.739
v -22.082 5.80707 -159.575
v -19.0233 6.96796 -156.516
v -22.0595 5.81707 -159.552
v -19.0454 6.96791 -156.538
v -19.2532 5.80707 -162.403
v -16.1945 6.96796 -159.345
v -19.2311 5.81707 -162.381
v -16.2169 6.96791 -159.367
v -16.4248 5.80707 -165.232
v -13.3661 6.96796 -162.173
v -16.4026 5.81707 -165.209
v -13.3885 6.96791 -162.195
v -13.5963 5.80707 -168.06
v -10.5376 6.96796 -165.002
v -13.5742 5.81707 -168.038
v -10.5601 6.96791 -165.024
v -10.7679 5.80707 -170.889
v -7.7092 6.96796 -167.83
v -10.7458 5.81707 -170.866
v -7.73166 6.96791 -167.852
v -2.28261 5.80707 -170.888
v 0.776088 6.96796 -167.83
v -2.26049 5.81707 -170.866
v 0.753623 6.96791 -167.852
v 11.4167 5.82193 -153.703
v 13.9895 7.09591 -151.13
v 12.1193 6.72576 -153.043
v 13.622 8.04393 -151.54
v 45.9219 -4.11003 -147.056
v 48.4947 -2.83605 -144.483
v 46.5817 -3.20619 -146.688
v 48.0845 -1.88802 -145.185
v 50.5699 -8.11002 -32.9194
v 53.1427 -6.83603 -30.3466
v 50.9373 -7.20618 -32.5092
v 52.44 -5.88801 -31.0064
v 47.091 -4.11003 -145.659
v 50.5213 -2.73426 -142.229
v 48.9284 -2.92019 -144.633
v 50.0046 -2.07762 -143.249
v 54.629 -8.11002 -36.9785
v 57.2018 -6.83603 -34.4058
v 54.9965 -7.20618 -36.5684
v 56.4992 -5.88801 -35.0655
v -7.91459 5.81707 -173.758
v -2.07766 6.96791 -167.921
v -7.90998 5.81707 -173.748
v -2.08399 6.96766 -167.922
v 49.4495 -2.09125 -144.452
v 50.4847 -1.16166 -143.442
v 13.5896 3.70141 -74.705
v 13.9976 4.10941 -74.297
v 13.5196 3.8735 -74.7838
v 14.1423 5.0422 -74.1522
v 4.49863 6.66731 -129.207
v 5.04063 7.20931 -128.665
v 67.1078 -9.27288 47.214
v 68.3318 -8.23524 48.4137
v 107.011 -4.45621 10.5064
v 113.01 1.11982 17.1355
v 65.6672 -2.13001 -114.613
v 68.7259 -0.969122 -111.554
v 65.6897 -2.12001 -114.591
v 68.7038 -0.969178 -111.577
v 8.9918 7.2762 -130.591
v 10.027 8.20579 -129.581
v -5.08896 1.92048 -145.41
v -2.07485 4.95051 -142.396
v -5.0879 1.9266 -145.411
v -2.07164 4.97695 -142.395
v -12.853 1.41525 -148.23
v -11.8178 2.34484 -147.22
v 63.3621 1.90596 36.8083
v 63.9602 2.72855 37.4064
v 74.2608 0.920451 -58.2377
v 77.2749 3.95048 -55.2236
v 74.2596 0.926563 -58.2367
v 77.2759 3.97692 -55.2204
v 6.22087 5.8208 -146.829
v 7.83108 6.97218 -145.219
v 6.22476 5.8208 -146.825
v 7.82466 6.97164 -145.225
v 12.5612 7.82222 -153.16
v 13.6241 8.61352 -152.117
v 106.328 1.04668 0.526965
v 106.926 1.86927 1.12509
v 42.9611 4.17092 -35.3693
v 43.5592 4.99351 -34.7711
v -18.5202 0.563942 -154.597
v -17.9782 1.10594 -154.055
v 2.78563 0.00298518 -165.565
v 3.19363 0.410985 -165.157
v 2.70679 0.175075 -165.71
v 3.33838 1.34378 -165.087
v 89.2987 6.26991 52.3217
v 89.6281 7.43082 56.4603
v 89.316 6.27991 52.3416
v 89.6108 7.43076 56.44
v 5.93049 5.80986 -125
v 8.50326 7.08384 -122.427
v 6.34068 6.7137 -124.298
v 7.84349 8.03187 -122.795
v 5.97169 1.09927 -145.979
v 6.56982 1.92186 -145.381
v 44.6124 -3.15545 -153.15
v 45.2087 -2.33286 -152.55
v 0.514613 0.885047 -83.5332
v 3.38802 3.77358 -80.6598
v 0.515621 0.890854 -83.5341
v 3.39107 3.79869 -80.6587
v -0.315129 -0.278217 -167.717
v 1.33411 1.79377 -166.068
v 0.108906 1.05728 -167.425
v 1.04671 1.80305 -166.285
v -0.173711 0.754166 -167.119
v 0.798 1.18173 -166.148
v 0.070681 0.554249 -167.292
v 0.477614 0.999134 -166.885
v 0.115452 0.554249 -167.337
v 0.522384 0.999134 -166.93
v 0.160713 0.554249 -167.382
v 0.567645 0.999134 -166.976
v 0.207233 0.554249 -167.429
v 0.614165 0.999134 -167.022
v 0.252512 0.554249 -167.474
v 0.659445 0.999134 -167.067
v 34.043 0.0868702 -38.6351
v 34.6411 0.909461 -38.0369
v 31.8466 2.88997 -41.2685
v 33.4568 4.04135 -39.6583
v 31.851 2.88997 -41.2621
v 33.4509 4.04081 -39.6622
v 3.68437 -1.19323 -157.263
v 4.65672 0.0278241 -156.171
v 3.56705 -1.19323 -157.262
v 4.6553 0.0267678 -156.141
v 110.324 -4.53875 8.7974
v 116.323 1.03728 15.4265
v 17.5194 -2.07955 -107.541
v 19.1193 -0.0422415 -105.941
v 17.5187 -2.08088 -107.542
v 19.1186 -0.0230841 -105.942
v 51.824 8.59415 -145.678
v 60.0537 14.5218 -137.448
v 53.6977 8.61482 -143.732
v 58.1508 14.4803 -139.279
v 31.6952 -4.64627 -81.2071
v 32.1032 -4.23827 -80.7991
v 31.5505 -4.47418 -81.2771
v 32.182 -3.30548 -80.6544
v 79.6914 -2.09725 3.14955
v 80.2895 -1.27466 3.74768
v 38.9022 -10.71 -101.141
v 39.3102 -10.302 -100.733
v 38.8234 -10.5379 -101.286
v 39.4549 -9.36922 -100.663
v 107.07 -8.83094 14.0988
v 111.133 -4.45592 18.9999
v 10.6772 5.8581 -126.211
v 11.8435 7.40642 -125.136
v 10.6537 5.85244 -126.243
v 11.843 7.39526 -125.102
v 49.2479 1.54729 -138.608
v 49.6559 1.95529 -138.2
v 49.1032 1.71938 -138.678
v 49.7348 2.88808 -138.055
v 82.4192 2.69587 12.1202
v 83.1485 3.31218 12.8598
v 5.62679 5.82391 -153.148
v 6.96562 7.37224 -151.779
v 5.59999 5.81826 -153.183
v 7.00141 7.36108 -151.766
v 46.767 -2.09125 -147.135
v 47.8023 -1.16166 -146.124
v 41.7891 -3.09015 -141.689
v 42.3872 -2.26756 -141.091
v 34.49 -3.07954 -41.0726
v 37.5041 -0.0495118 -38.0585
v 34.4888 -3.07343 -41.0715
v 37.5051 -0.0230766 -38.0553
v -7.91739 -0.0795153 -148.239
v -4.90328 2.95051 -145.225
v -7.91633 -0.073403 -148.24
v -4.90007 2.97695 -145.223
v 26.9429 6.3832 -27.7421
v 27.1629 6.6032 -27.5221
v 10.558 6.74868 -151.904
v 11.4331 7.18369 -151.05
v -15.4045 16.5142 -146.75
v -8.23389 22.4315 -139.579
v -5.83338 -1.32973 -96.5679
v -5.42538 -0.921731 -96.1599
v -5.97812 -1.15764 -96.7127
v -5.35544 0.0110649 -96.0811
v 65.6676 -2.13001 -117.441
v 68.7263 -0.969122 -114.383
v 65.6897 -2.12001 -117.419
v 68.7038 -0.969178 -114.405
v 16.9622 10.8536 -94.1072
v 22.61 14.999 -88.5762
v 32.6146 3.90198 -45.7158
v 33.2127 4.72457 -45.1177
v -8.49704 14.105 -135.779
v -1.85681 19.6853 -129.907
v 34.1127 4.7007 -116.88
v 34.5207 5.1087 -116.472
v 33.968 4.87279 -116.95
v 34.5996 6.0415 -116.327
v 18.9197 -1.07124 -107.555
v 20.3796 0.782332 -106.095
v 18.9209 -1.07244 -107.555
v 20.3809 0.799574 -106.095
v 10.8149 5.81266 -157.129
v 11.7872 7.03372 -156.037
v 10.6976 5.81266 -157.129
v 11.7858 7.03266 -156.007
v 40.9624 -5.20038 -51.0732
v 44.5735 -2.58838 -47.4621
v -20.5063 -0.182784 -157.106
v -17.0759 1.19298 -153.675
v -19.9896 1.00705 -156.086
v -18.9133 1.84962 -154.702
v 0.212308 -0.267912 -142.037
v 1.86154 1.80407 -140.388
v 0.429533 1.06759 -141.613
v 1.56935 1.81336 -140.675
v 0.292087 0.764471 -141.895
v 1.26386 1.19204 -140.924
v 1.02988 0.564554 -141.651
v 1.43681 1.00944 -141.244
v 1.07465 0.564554 -141.606
v 1.48158 1.00944 -141.199
v 1.11991 0.564554 -141.561
v 1.52684 1.00944 -141.154
v 1.16643 0.564554 -141.514
v 1.57336 1.00944 -141.108
v 1.21171 0.564554 -141.469
v 1.61864 1.00944 -141.062
v 0.358535 -2.07595 -90.947
v 1.81845 -0.222376 -89.4871
v 0.359093 -2.07715 -90.9457
v 1.81906 -0.205134 -89.4858
v 45.3849 4.49639 -133.821
v 45.983 5.31898 -133.223
v -15.9894 -0.182784 -154.821
v -13.4166 1.0912 -152.248
v -15.2868 0.721056 -154.161
v -13.7841 2.03922 -152.658
v -1.27765 17.5502 -154.166
v 1.78499 20.0676 -151.107
v -9.90979 0.685496 -156.841
v -9.36779 1.2275 -156.299
v 10.9537 5.82527 -157.043
v 14.3841 7.20103 -153.613
v 12.7911 7.01511 -156.017
v 13.8674 7.85768 -154.633
v 90.7601 6.26989 46.97
v 94.8987 7.43083 47.2994
v 90.7799 6.27989 46.9873
v 94.8783 7.43077 47.282
v 29.973 2.37016 -53.623
v 30.193 2.59016 -53.403
v 8.41043 5.80986 -125.419
v 11.8408 7.18563 -121.988
v 9.4302 6.9997 -123.581
v 10.8141 7.84227 -122.505
v 89.3841 6.27989 47.0292
v 90.9986 7.43128 48.635
v 89.3905 6.27989 47.0351
v 90.9947 7.43074 48.6307
v 6.87861 5.81575 -125.556
v 8.07091 7.36408 -124.449
v 6.87795 5.8101 -125.589
v 8.09568 7.35292 -124.417
v 91.0132 -2.04864 -39.0754
v 91.6113 -1.22605 -38.4773
v 72.0613 1.89932 14.9287
v 72.6745 2.72191 15.5087
v 34.9544 4.94209 -123.512
v 35.5525 5.76468 -122.914
v -2.26053 3.92048 -142.582
v 0.753582 6.95051 -139.568
v -2.25947 3.9266 -142.583
v 0.756792 6.97695 -139.567
v 50.2647 1.91439 -141.674
v 50.8628 2.73698 -141.076
v 29.0675 -3.94706 -83.7036
v 29.6657 -3.12447 -83.1055
v -2.27966 -1.07954 -86.3274
v 0.73445 1.95049 -83.3133
v -2.2786 -1.07343 -86.3284
v 0.73766 1.97692 -83.3122
v -18.4934 -0.182784 -154.838
v -15.9206 1.0912 -152.266
v -18.0832 0.721056 -154.136
v -16.5804 2.03922 -152.633
v 60.8423 -10.0795 -29.2412
v 63.8564 -7.04951 -26.2271
v 60.8411 -10.0734 -29.2402
v 63.8574 -7.02308 -26.2239
v 83.9631 -2.12071 -34.8313
v 84.5613 -1.29812 -34.2332
v 40.0283 -4.21054 -148.759
v 41.6775 -2.13856 -147.11
v 40.3205 -2.87504 -148.472
v 41.4603 -2.12927 -147.534
v 40.626 -3.17816 -148.223
v 41.5977 -2.75059 -147.251
v 40.453 -3.37808 -147.903
v 40.8599 -2.93319 -147.496
v 40.4082 -3.37808 -147.947
v 40.8152 -2.93319 -147.54
v 40.363 -3.37808 -147.993
v 40.7699 -2.93319 -147.586
v 40.3165 -3.37808 -148.039
v 40.7234 -2.93319 -147.632
v 40.2712 -3.37808 -148.084
v 40.6781 -2.93319 -147.677
v -4.59122 -2.07595 -95.8967
v -3.13131 -0.222375 -94.4368
v -4.59067 -2.07715 -95.8955
v -3.1307 -0.205134 -94.4355
v 15.7515 6.73549 -127.445
v 16.1595 7.14349 -127.037
v 15.6815 6.90758 -127.524
v 16.3042 8.07629 -126.893
v 49.6783 1.82462 -142.142
v 50.2765 2.64721 -141.544
v 5.70738 5.82391 -152.259
v 7.06921 7.37224 -150.88
v 5.67172 5.81826 -152.274
v 7.09395 7.36108 -150.843
v 12.7681 6.7382 -147.089
v 13.1761 7.1462 -146.681
v 12.6982 6.91029 -147.168
v 13.3209 8.07899 -146.537
v -0.79638 0.460108 -141.688
v -0.38838 0.868108 -141.28
v -0.941127 0.632198 -141.758
v -0.309543 1.8009 -141.135
v -4.12033 0.590492 -145.587
v -3.57833 1.13249 -145.045
v 33.2424 2.8771 -39.8807
v 36.3122 4.04101 -36.8112
v 33.2648 2.88754 -39.8876
v 36.3191 4.04156 -36.8334
v 4.07949 14.6937 -170.455
v 9.4111 19.8156 -164.733
v 30.3004 -4.05119 -80.0191
v 30.8985 -3.2286 -79.4209
v 55.8705 -8.12003 -34.2134
v 58.9292 -6.95914 -31.1547
v 55.8926 -8.11003 -34.191
v 58.9067 -6.95919 -31.1769
v 55.8705 -8.12003 -31.3847
v 58.9292 -6.95914 -28.326
v 55.8926 -8.11003 -31.3625
v 58.9067 -6.95919 -28.3484
v 16.1477 5.57457 -160.732
v 17.382 7.1229 -159.575
v 16.1208 5.56892 -160.765
v 17.3847 7.11174 -159.542
v 16.8372 5.57691 -161.368
v 17.9805 7.12524 -160.144
v 16.804 5.57126 -161.37
v 18.0136 7.11408 -160.118
v 60.953 -8.11003 -26.3001
v 62.5632 -6.95865 -24.6899
v 60.959 -8.11003 -26.2962
v 62.5589 -6.95919 -24.6963
v 62.5533 -8.11003 -24.6997
v 64.1636 -6.95865 -23.0895
v 62.5593 -8.11003 -24.6958
v 64.1592 -6.95919 -23.0959
v -22.3011 1.02237 -162.142
v -21.7029 1.84496 -161.544
v 43.5833 -4.0682 -56.7259
v 44.5629 -3.1486 -55.4902
v 35.9091 3.96314 -25.4736
v 36.5072 4.78573 -24.8754
v 91.4197 -7.09937 61.4535
v 92.0179 -6.27678 62.0516
v 93.2162 -6.00703 37.0554
v 93.8294 -5.18444 37.6355
v 37.3062 -1.07349 -151.393
v 40.1796 1.81504 -148.52
v 37.3072 -1.06768 -151.394
v 40.1827 1.84015 -148.519
v 11.5502 6.98967 -151.757
v 12.3547 8.04468 -151.352
v 109.181 -9.58428 11.9246
v 114.612 -4.00825 18.3152
v 12.0771 7.2762 -127.506
v 13.1123 8.20579 -126.495
v 10.6361 5.80986 -126.542
v 13.2089 7.08384 -123.97
v 11.3387 6.7137 -125.883
v 12.8414 8.03187 -124.38
v 58.721 -10.0795 -31.3625
v 61.7351 -7.04951 -28.3484
v 58.7198 -10.0734 -31.3615
v 61.7361 -7.02308 -28.3452
v 50.4554 -1.97024 -17.424
v 51.0535 -1.14765 -16.8258
v 64.6171 -8.92806 -40.0535
v 65.2152 -8.10546 -39.4553
v 43.724 -3.31597 -138.708
v 44.3221 -2.49338 -138.11
v 58.5073 2.49526 -41.968
v 58.7233 2.71126 -41.752
v 52.4736 1.80259 23.637
v 53.616 2.6628 24.759
v 46.3868 32.3002 -140.185
v 54.6165 38.2278 -131.955
v 48.2896 32.3209 -138.354
v 52.7427 38.1863 -133.901
v 61.0901 1.91793 -0.418173
v 61.6883 2.74052 0.179956
v -10.0539 18.3923 -148.354
v -1.88969 24.3074 -140.191
v 102.76 -1.19689 47.0165
v 105.916 -0.808031 50.1818
v 58.1581 1.91826 28.7444
v 58.7563 2.74085 29.3425
v 13.0305 7.66935 -152.897
v 13.45 8.14777 -152.5
v 12.8306 7.60621 -152.68
v 13.2229 8.06706 -152.314
v 12.3469 6.88757 -152.363
v 12.935 7.27416 -151.785
v 13.1141 7.60501 -152.957
v 13.526 8.07203 -152.553
v 38.8996 2.87998 -31.3847
v 41.9583 4.04087 -28.326
v 38.922 2.88998 -31.3626
v 41.9361 4.04081 -28.3484
v 40.9382 -3.02046 -51.0909
v 44.5481 -0.40846 -47.481
v 37.3184 -5.07954 -43.901
v 40.3325 -2.04951 -40.8869
v 37.3172 -5.07343 -43.8999
v 40.3335 -2.02308 -40.8837
v 70.9322 -6.19853 56.3692
v 71.5454 -5.37594 56.9493
v 5.89207 5.82391 -153.99
v 7.2357 7.37224 -152.691
v 5.88194 5.81826 -154.02
v 7.26907 7.36108 -152.656
v 89.3119 6.2699 48.4106
v 89.6413 7.43079 52.5491
v 89.3292 6.2799 48.4304
v 89.624 7.43074 52.5288
v 58.7172 -8.11003 -35.6095
v 60.3274 -6.95864 -33.9993
v 58.721 -8.11003 -35.6052
v 60.3209 -6.95919 -34.0053
v 26.3846 -5.35882 -59.0041
v 28.0339 -3.28684 -57.3549
v 26.6768 -4.02332 -58.7167
v 27.8166 -3.27755 -57.7789
v 26.9823 -4.32644 -58.468
v 27.9541 -3.89887 -57.4963
v 26.8094 -4.52636 -58.1476
v 27.2163 -4.08147 -57.7407
v 26.7646 -4.52636 -58.1924
v 27.1715 -4.08147 -57.7855
v 26.7193 -4.52636 -58.2377
v 27.1263 -4.08147 -57.8307
v 26.6728 -4.52636 -58.2842
v 27.0797 -4.08147 -57.8772
v 26.6275 -4.52636 -58.3295
v 27.0345 -4.08147 -57.9225
v 43.4236 -4.11003 -147.045
v 45.9963 -2.83605 -144.472
v 43.791 -3.20619 -146.635
v 45.2937 -1.88802 -145.132
v 50.043 -1.88666 -16.9746
v 50.6411 -1.06407 -16.3765
v -16.916 9.38193 -158.215
v -16.694 9.60393 -157.993
v 57.246 -8.11001 -37.1088
v 59.8188 -6.83603 -34.536
v 57.9057 -7.20617 -36.7413
v 59.4086 -5.88801 -35.2387
v -4.09221 -0.171973 -145.794
v -1.51944 1.10201 -143.221
v -3.68201 0.731866 -145.091
v -2.17921 2.05003 -143.589
v -23.627 -2.1179 -94.9465
v -21.8882 -0.968768 -93.2076
v -23.6205 -2.11769 -94.9405
v -21.8921 -0.968957 -93.212
v 56.6079 -8.10445 -35.4211
v 57.651 -6.55612 -34.2829
v 56.5785 -8.1101 -35.4197
v 57.6869 -6.56728 -34.2611
v -23.5136 -3.08157 -96.3679
v -21.8102 -1.04415 -94.5451
v -23.5123 -3.08303 -96.3702
v -21.807 -1.02537 -94.5455
v 42.7564 -3.07047 -151.137
v 43.3545 -2.24788 -150.539
v -15.652 -0.173986 -154.875
v -14.3139 1.37434 -153.507
v -15.6918 -0.179641 -154.908
v -14.2911 1.36318 -153.492
v 11.2122 3.92513 -72.384
v 11.8104 4.74772 -71.7859
v -6.10346 -0.171973 -148.049
v -2.6731 1.20379 -144.619
v -5.58676 1.01786 -147.03
v -4.51054 1.86043 -145.646
v 6.5517 15.7777 -167.031
v 13.3436 21.1595 -160.239
v 53.507 0.889974 -137.342
v 56.0798 2.16395 -134.769
v 54.2097 1.79381 -136.682
v 55.7124 3.11198 -135.179
v 43.4978 -3.42985 -151.556
v 43.9058 -3.02185 -151.148
v 43.3531 -3.25776 -151.701
v 43.9757 -2.08906 -151.069
v 9.1594 5.82408 -152.553
v 12.5898 7.19985 -149.122
v 10.1792 7.01392 -150.715
v 11.5631 7.85649 -149.639
v 8.94604 -4.32053 -68.824
v 9.35404 -3.91253 -68.416
v 8.8761 -4.14844 -68.9029
v 9.49878 -2.97973 -68.2713
v -20.8762 -3.15195 -103.381
v -18.943 -1.04886 -101.722
v -20.8793 -3.15343 -103.384
v -18.9432 -1.03018 -101.723
v 59.2439 1.91793 1.42811
v 59.842 2.74052 2.02623
v 3.1817 -3.76165 -71.9432
v 3.77983 -2.93906 -71.3451
v 35.4199 4.75556 -124.086
v 36.0181 5.57815 -123.488
v 63.208 -9.72354 43.0441
v 63.616 -9.31554 43.4521
v 63.0631 -9.55145 42.9748
v 63.6953 -8.38274 43.5967
v 10.8703 6.80793 -157.001
v 11.6398 7.80231 -156.232
v 11.5697 7.9207 -156.934
v 12.0645 8.33275 -156.195
v 11.3071 7.92318 -156.942
v 11.7929 8.32819 -156.196
v 11.0218 8.39864 -156.593
v 11.732 8.80885 -155.998
v 10.9526 8.18395 -156.748
v 11.7324 8.68496 -156.173
v 10.9053 8.26311 -157.308
v 11.6286 8.64293 -156.728
v 10.8615 8.06399 -157.107
v 11.6293 8.54769 -156.537
v 10.509 7.75034 -157.184
v 11.1526 8.28296 -156.394
v 10.3046 7.75142 -157.203
v 10.9069 8.2826 -156.506
v 10.6213 7.5458 -156.311
v 11.3241 8.10774 -155.712
v 10.6366 7.68549 -156.54
v 11.4189 8.1799 -155.874
v 10.7411 8.2031 -156.434
v 11.4725 8.61665 -155.894
v 10.7488 8.00482 -156.622
v 11.5232 8.5343 -156.117
v 11.1243 7.81197 -156.302
v 11.8536 8.21426 -155.734
v 11.0638 7.8319 -156.557
v 11.8433 8.2109 -155.965
v 10.9763 7.83488 -157.572
v 11.699 8.26866 -157
v 10.9046 7.92814 -157.355
v 11.6901 8.27324 -156.752
v 16.9627 -7.10361 -163.744
v 21.2078 1.18807 -156.015
v 62.3762 -5.80752 -58.865
v 66.5885 -0.306337 -54.6527
v 81.1765 5.86005 38.7657
v 106.715 72.4825 64.6289
v -0.70555 16.9116 -165.041
v -0.48195 17.1352 -164.818
v 90.0884 -1.83875 27.9495
v 94.2889 3.66245 32.1735
v 5.29409 -1.8895 -159.542
v 6.94809 -0.2355 -157.888
v 4.51569 -1.1725 -160.366
v 7.73772 1.09012 -157.074
v 4.48471 -1.1725 -160.386
v 7.75748 1.86078 -157.043
v 58.9603 -0.135398 47.6049
v 63.1609 5.36581 51.829
v 14.5249 5.39261 -131.482
v 17.8717 9.80711 -128.05
v 39.712 -5.97232 -35.9755
v 43.9226 -0.471135 -31.7615
v 103.507 -2.82408 -18.7072
v 106.907 1.59158 -15.3259
v 91.0759 -3.02384 -8.73142
v 96.9734 4.70385 -2.83392
v 10.863 -3.08967 -137.965
v 14.903 6.5503 -128.663
v 26.946 -5.11781 -71.261
v 36.6399 1.93464 -61.5671
v 26.1933 -2.88211 -72.0137
v 37.3929 -1.76786 -60.8141
v 26.1874 -5.2383 -72.0196
v 37.3989 1.93275 -60.8082
v 70.2624 -3.12953 -28.3079
v 79.9563 3.92292 -18.614
v 69.5094 -0.89383 -29.0609
v 80.709 0.220421 -17.8613
v 69.5035 -3.25002 -29.0668
v 80.715 3.92103 -17.8554
v 16.4464 5.17691 -156.85
v 18.1004 6.83091 -155.196
v 15.6965 5.89391 -157.7
v 18.8388 8.15653 -154.336
v 15.6767 5.89391 -157.73
v 18.8701 8.92718 -154.317
